"tick","run","Ant Count","Tip Count"
1.0,1,2000,0
2.0,1,2000,0
3.0,1,2000,0
4.0,1,2000,0
5.0,1,2000,0
6.0,1,2000,0
7.0,1,2000,0
8.0,1,2000,0
9.0,1,2000,0
10.0,1,2000,0
11.0,1,2000,0
12.0,1,2000,0
13.0,1,2000,0
14.0,1,2000,0
15.0,1,2000,0
16.0,1,2000,0
17.0,1,2000,0
18.0,1,2000,0
19.0,1,2000,0
20.0,1,2000,0
21.0,1,2000,0
22.0,1,2000,0
23.0,1,2000,0
24.0,1,2000,0
25.0,1,2000,0
26.0,1,2000,0
27.0,1,2000,0
28.0,1,2000,0
29.0,1,2000,0
30.0,1,2000,0
31.0,1,1999,0
32.0,1,1998,0
33.0,1,1998,0
34.0,1,1997,0
35.0,1,1996,0
36.0,1,1996,0
37.0,1,1995,0
38.0,1,1994,0
39.0,1,1994,0
40.0,1,1992,0
41.0,1,1991,0
42.0,1,1988,0
43.0,1,1988,0
44.0,1,1988,0
45.0,1,1988,0
46.0,1,1986,0
47.0,1,1984,0
48.0,1,1984,0
49.0,1,1982,0
50.0,1,1982,0
51.0,1,1982,0
52.0,1,1979,0
53.0,1,1977,0
54.0,1,1974,0
55.0,1,1974,0
56.0,1,1971,0
57.0,1,1969,0
58.0,1,1965,0
59.0,1,1959,0
60.0,1,1955,0
61.0,1,1952,0
62.0,1,1949,0
63.0,1,1948,0
64.0,1,1945,0
65.0,1,1938,0
66.0,1,1935,0
67.0,1,1933,0
68.0,1,1929,0
69.0,1,1924,0
70.0,1,1920,0
71.0,1,1915,0
72.0,1,1912,0
73.0,1,1908,0
74.0,1,1906,0
75.0,1,1904,0
76.0,1,1901,0
77.0,1,1898,0
78.0,1,1892,0
79.0,1,1888,0
80.0,1,1881,0
81.0,1,1878,0
82.0,1,1870,0
83.0,1,1862,0
84.0,1,1853,0
85.0,1,1845,0
86.0,1,1838,0
87.0,1,1827,0
88.0,1,1819,0
89.0,1,1813,0
90.0,1,1800,0
91.0,1,1792,0
92.0,1,1784,0
93.0,1,1774,0
94.0,1,1762,0
95.0,1,1749,0
96.0,1,1737,0
97.0,1,1726,0
98.0,1,1710,0
99.0,1,1699,0
100.0,1,1685,0
101.0,1,1677,0
102.0,1,1665,0
103.0,1,1647,0
104.0,1,1633,0
105.0,1,1611,0
106.0,1,1601,0
107.0,1,1587,0
108.0,1,1572,0
109.0,1,1558,0
110.0,1,1550,0
111.0,1,1535,0
112.0,1,1517,0
113.0,1,1502,0
114.0,1,1482,0
115.0,1,1458,0
116.0,1,1443,0
117.0,1,1424,0
118.0,1,1400,0
119.0,1,1383,0
120.0,1,1359,0
121.0,1,1341,0
122.0,1,1325,0
123.0,1,1303,0
124.0,1,1276,0
125.0,1,1251,0
126.0,1,1233,0
127.0,1,1211,0
128.0,1,1191,0
129.0,1,1173,0
130.0,1,1146,0
131.0,1,1126,0
132.0,1,1097,0
133.0,1,1071,0
134.0,1,1046,0
135.0,1,1032,0
136.0,1,1000,0
137.0,1,984,0
138.0,1,964,0
139.0,1,936,0
140.0,1,913,0
141.0,1,889,0
