"tick","run","Ant Count","Tip Count"
1.0,1,2000,0
2.0,1,2000,0
3.0,1,2000,0
4.0,1,2000,0
5.0,1,2000,0
6.0,1,2000,0
7.0,1,2000,0
8.0,1,2000,0
9.0,1,2000,0
10.0,1,2000,0
11.0,1,2000,0
12.0,1,2000,0
13.0,1,2000,0
14.0,1,2000,0
15.0,1,2000,0
16.0,1,2000,0
17.0,1,2000,0
18.0,1,2000,0
19.0,1,2000,0
20.0,1,2000,0
21.0,1,2000,0
22.0,1,2000,0
23.0,1,2000,0
24.0,1,2000,0
25.0,1,2000,0
26.0,1,2000,0
27.0,1,2000,0
28.0,1,1999,0
29.0,1,1999,0
30.0,1,1997,0
31.0,1,1995,0
32.0,1,1994,0
33.0,1,1994,0
34.0,1,1989,0
35.0,1,1988,0
36.0,1,1986,0
37.0,1,1982,0
38.0,1,1978,0
39.0,1,1974,0
40.0,1,1972,0
41.0,1,1964,0
42.0,1,1959,0
43.0,1,1947,0
44.0,1,1946,0
45.0,1,1935,0
46.0,1,1921,0
47.0,1,1912,0
48.0,1,1902,0
49.0,1,1899,0
50.0,1,1895,0
51.0,1,1889,0
52.0,1,1879,0
53.0,1,1871,0
54.0,1,1859,0
55.0,1,1850,0
56.0,1,1841,0
57.0,1,1832,0
58.0,1,1823,0
59.0,1,1808,0
60.0,1,1793,0
61.0,1,1774,0
62.0,1,1757,0
63.0,1,1740,0
64.0,1,1725,0
65.0,1,1704,0
66.0,1,1687,0
67.0,1,1669,0
68.0,1,1655,0
69.0,1,1645,0
70.0,1,1627,0
71.0,1,1609,0
72.0,1,1590,0
73.0,1,1574,0
74.0,1,1557,0
75.0,1,1544,0
76.0,1,1527,0
77.0,1,1505,0
78.0,1,1487,0
79.0,1,1465,0
80.0,1,1440,0
81.0,1,1419,0
82.0,1,1409,0
83.0,1,1395,0
84.0,1,1377,0
85.0,1,1359,0
86.0,1,1331,0
87.0,1,1312,0
88.0,1,1297,0
89.0,1,1276,0
90.0,1,1258,0
91.0,1,1239,0
92.0,1,1214,0
93.0,1,1184,0
94.0,1,1167,0
95.0,1,1145,0
96.0,1,1127,0
97.0,1,1113,0
98.0,1,1086,0
99.0,1,1062,0
100.0,1,1039,0
101.0,1,1022,0
102.0,1,1005,0
103.0,1,983,0
104.0,1,966,0
105.0,1,944,0
106.0,1,924,0
107.0,1,893,0
108.0,1,871,0
109.0,1,841,0
110.0,1,814,0
111.0,1,793,0
112.0,1,765,0
113.0,1,729,0
114.0,1,696,0
115.0,1,663,0
116.0,1,635,0
117.0,1,603,0
118.0,1,585,0
119.0,1,566,0
120.0,1,532,0
121.0,1,507,0
122.0,1,485,0
123.0,1,464,0
124.0,1,435,0
125.0,1,404,0
126.0,1,384,0
127.0,1,362,0
128.0,1,336,0
129.0,1,316,0
130.0,1,303,0
131.0,1,272,0
132.0,1,250,0
133.0,1,230,0
134.0,1,217,0
135.0,1,197,0
136.0,1,178,0
137.0,1,165,0
138.0,1,152,0
139.0,1,141,0
140.0,1,132,0
141.0,1,118,0
142.0,1,110,0
143.0,1,100,0
144.0,1,86,0
145.0,1,79,0
146.0,1,68,0
147.0,1,59,0
148.0,1,53,0
149.0,1,43,0
150.0,1,35,0
151.0,1,29,0
152.0,1,22,0
153.0,1,19,0
154.0,1,17,0
155.0,1,16,0
156.0,1,14,0
157.0,1,10,0
158.0,1,8,0
159.0,1,5,0
160.0,1,5,0
161.0,1,4,0
162.0,1,3,0
163.0,1,3,0
164.0,1,2,0
165.0,1,2,0
166.0,1,2,0
167.0,1,0,0
168.0,1,0,0
169.0,1,0,0
170.0,1,0,0
171.0,1,0,0
172.0,1,0,0
173.0,1,0,0
174.0,1,0,0
175.0,1,0,0
176.0,1,0,0
177.0,1,0,0
178.0,1,0,0
179.0,1,0,0
180.0,1,0,0
181.0,1,0,0
182.0,1,0,0
183.0,1,0,0
184.0,1,0,0
185.0,1,0,0
186.0,1,0,0
187.0,1,0,0
188.0,1,0,0
189.0,1,0,0
190.0,1,0,0
191.0,1,0,0
192.0,1,0,0
193.0,1,0,0
194.0,1,0,0
195.0,1,0,0
196.0,1,0,0
197.0,1,0,0
198.0,1,0,0
199.0,1,0,0
200.0,1,0,0
