"tick","run","Ant Count","Tip Count"
1.0,1,2000,0
2.0,1,2000,0
3.0,1,2000,0
4.0,1,2000,0
5.0,1,2000,0
6.0,1,2000,0
7.0,1,2000,0
8.0,1,2000,0
9.0,1,2000,0
10.0,1,2000,0
11.0,1,2000,0
12.0,1,2000,0
13.0,1,2000,0
14.0,1,2000,0
15.0,1,2000,0
16.0,1,2000,0
17.0,1,2000,0
18.0,1,2000,0
19.0,1,2000,0
20.0,1,2000,0
21.0,1,2000,0
22.0,1,2000,0
23.0,1,2000,0
24.0,1,2000,0
25.0,1,2000,0
26.0,1,2000,0
27.0,1,2000,0
28.0,1,2000,0
29.0,1,2000,0
30.0,1,1998,0
31.0,1,1998,0
32.0,1,1998,0
33.0,1,1998,0
34.0,1,1998,0
35.0,1,1998,0
36.0,1,1998,0
37.0,1,1998,0
38.0,1,1998,0
39.0,1,1997,0
40.0,1,1996,0
41.0,1,1995,0
42.0,1,1995,0
43.0,1,1994,0
44.0,1,1993,0
45.0,1,1993,0
46.0,1,1992,0
47.0,1,1991,0
48.0,1,1989,0
49.0,1,1989,0
50.0,1,1987,0
51.0,1,1983,0
52.0,1,1981,0
53.0,1,1980,0
54.0,1,1978,0
55.0,1,1978,0
56.0,1,1976,0
57.0,1,1975,0
58.0,1,1973,0
59.0,1,1971,0
60.0,1,1969,0
61.0,1,1965,0
62.0,1,1963,0
63.0,1,1960,0
64.0,1,1959,0
65.0,1,1954,0
66.0,1,1953,0
67.0,1,1952,0
68.0,1,1949,0
69.0,1,1947,0
70.0,1,1944,0
71.0,1,1940,0
72.0,1,1937,0
73.0,1,1935,0
74.0,1,1924,0
75.0,1,1920,0
76.0,1,1918,0
77.0,1,1915,0
78.0,1,1904,0
79.0,1,1901,0
80.0,1,1894,0
81.0,1,1883,0
82.0,1,1871,0
83.0,1,1864,0
84.0,1,1859,0
85.0,1,1854,0
86.0,1,1845,0
87.0,1,1840,0
88.0,1,1830,0
89.0,1,1815,0
90.0,1,1805,0
91.0,1,1795,0
92.0,1,1786,0
93.0,1,1773,0
94.0,1,1761,0
95.0,1,1747,0
96.0,1,1728,0
97.0,1,1716,0
98.0,1,1707,0
99.0,1,1693,0
100.0,1,1680,0
101.0,1,1665,0
102.0,1,1647,0
103.0,1,1635,0
104.0,1,1625,0
105.0,1,1608,0
106.0,1,1597,0
107.0,1,1577,0
108.0,1,1566,0
109.0,1,1552,0
110.0,1,1536,0
111.0,1,1521,0
112.0,1,1508,0
113.0,1,1477,0
114.0,1,1461,0
115.0,1,1439,0
116.0,1,1419,0
117.0,1,1398,0
118.0,1,1376,0
119.0,1,1353,0
120.0,1,1334,0
121.0,1,1323,0
122.0,1,1304,0
123.0,1,1285,0
124.0,1,1260,0
125.0,1,1242,0
126.0,1,1218,0
127.0,1,1196,0
128.0,1,1170,0
129.0,1,1147,0
130.0,1,1129,0
131.0,1,1111,0
132.0,1,1096,0
133.0,1,1071,0
134.0,1,1039,0
135.0,1,1023,0
136.0,1,994,0
137.0,1,964,0
138.0,1,938,0
139.0,1,908,0
140.0,1,867,0
141.0,1,843,0
142.0,1,814,0
143.0,1,783,0
144.0,1,757,0
145.0,1,724,0
146.0,1,700,0
147.0,1,668,0
148.0,1,639,0
149.0,1,612,0
150.0,1,580,0
151.0,1,561,0
152.0,1,534,0
153.0,1,513,0
154.0,1,493,0
155.0,1,463,0
156.0,1,447,0
157.0,1,427,0
158.0,1,403,0
159.0,1,387,0
160.0,1,378,0
161.0,1,361,0
162.0,1,346,0
163.0,1,325,0
164.0,1,305,0
165.0,1,286,0
166.0,1,261,0
167.0,1,244,0
168.0,1,231,0
169.0,1,222,0
170.0,1,202,0
171.0,1,189,0
172.0,1,184,0
173.0,1,171,0
174.0,1,156,0
175.0,1,149,0
176.0,1,134,0
177.0,1,124,0
178.0,1,114,0
179.0,1,106,0
180.0,1,99,0
181.0,1,92,0
182.0,1,86,0
183.0,1,74,0
184.0,1,67,0
185.0,1,62,0
186.0,1,59,0
187.0,1,47,0
188.0,1,37,0
189.0,1,32,0
190.0,1,29,0
191.0,1,28,0
192.0,1,27,0
193.0,1,25,0
194.0,1,22,0
195.0,1,19,0
196.0,1,14,0
197.0,1,11,0
198.0,1,11,0
199.0,1,8,0
200.0,1,8,0
201.0,1,7,0
202.0,1,5,0
203.0,1,5,0
204.0,1,4,0
