"tick","run","Ant Count","Tip Count"
1.0,1,2000,0
2.0,1,2000,0
3.0,1,2000,0
4.0,1,2000,0
5.0,1,2000,0
6.0,1,2000,0
7.0,1,2000,0
8.0,1,2000,0
9.0,1,2000,0
10.0,1,2000,0
11.0,1,2000,0
12.0,1,2000,0
13.0,1,2000,0
14.0,1,2000,0
15.0,1,2000,0
16.0,1,2000,0
17.0,1,2000,0
18.0,1,2000,0
19.0,1,2000,0
20.0,1,2000,0
21.0,1,2000,0
22.0,1,2000,0
23.0,1,2000,0
24.0,1,2000,0
25.0,1,2000,0
26.0,1,2000,0
27.0,1,2000,0
28.0,1,2000,0
29.0,1,2000,0
30.0,1,1999,0
31.0,1,1999,0
32.0,1,1999,0
33.0,1,1999,0
34.0,1,1999,0
35.0,1,1998,0
36.0,1,1997,0
37.0,1,1996,0
38.0,1,1995,0
39.0,1,1994,0
40.0,1,1994,0
41.0,1,1991,0
42.0,1,1990,0
43.0,1,1989,0
44.0,1,1987,0
45.0,1,1986,0
46.0,1,1984,0
47.0,1,1983,0
48.0,1,1982,0
49.0,1,1979,0
50.0,1,1976,0
51.0,1,1976,0
52.0,1,1975,0
53.0,1,1975,0
54.0,1,1974,0
55.0,1,1973,0
56.0,1,1972,0
57.0,1,1967,0
58.0,1,1964,0
59.0,1,1962,0
60.0,1,1961,0
61.0,1,1959,0
62.0,1,1954,0
63.0,1,1953,0
64.0,1,1951,0
65.0,1,1946,0
66.0,1,1945,0
67.0,1,1938,0
68.0,1,1934,0
69.0,1,1932,0
70.0,1,1929,0
71.0,1,1925,0
72.0,1,1922,0
73.0,1,1920,0
74.0,1,1918,0
75.0,1,1912,0
76.0,1,1906,0
77.0,1,1902,0
78.0,1,1898,0
79.0,1,1886,0
80.0,1,1876,0
81.0,1,1872,0
82.0,1,1859,0
83.0,1,1850,0
84.0,1,1844,0
85.0,1,1834,0
86.0,1,1827,0
87.0,1,1822,0
88.0,1,1810,0
89.0,1,1803,0
90.0,1,1796,0
91.0,1,1784,0
92.0,1,1777,0
93.0,1,1764,0
94.0,1,1757,0
95.0,1,1746,0
96.0,1,1739,0
97.0,1,1723,0
98.0,1,1707,0
99.0,1,1693,0
100.0,1,1682,0
101.0,1,1674,0
102.0,1,1658,0
103.0,1,1643,0
104.0,1,1627,0
105.0,1,1612,0
106.0,1,1601,0
107.0,1,1584,0
108.0,1,1572,0
109.0,1,1550,0
110.0,1,1523,0
111.0,1,1511,0
112.0,1,1492,0
