"tick","run","Ant Count","Tip Count"
1.0,1,2000,0
2.0,1,2000,0
3.0,1,2000,0
4.0,1,2000,0
5.0,1,2000,0
6.0,1,2000,0
7.0,1,2000,0
8.0,1,2000,0
9.0,1,2000,0
10.0,1,2000,0
11.0,1,2000,0
12.0,1,2000,0
13.0,1,2000,0
14.0,1,2000,0
15.0,1,2000,0
16.0,1,2000,0
17.0,1,2000,0
18.0,1,2000,0
19.0,1,2000,0
20.0,1,2000,0
21.0,1,2000,0
22.0,1,2000,0
23.0,1,2000,0
24.0,1,2000,0
25.0,1,2000,0
26.0,1,2000,0
27.0,1,2000,0
28.0,1,2000,0
29.0,1,2000,0
30.0,1,2000,0
31.0,1,2000,0
32.0,1,2000,0
33.0,1,1999,0
34.0,1,1999,0
35.0,1,1997,0
36.0,1,1996,0
37.0,1,1993,0
38.0,1,1988,0
39.0,1,1981,0
40.0,1,1974,0
41.0,1,1964,0
42.0,1,1954,0
43.0,1,1943,0
44.0,1,1933,0
45.0,1,1922,0
46.0,1,1913,0
47.0,1,1900,0
48.0,1,1890,0
49.0,1,1880,0
50.0,1,1873,0
51.0,1,1863,0
52.0,1,1852,0
53.0,1,1845,0
54.0,1,1835,0
55.0,1,1822,0
56.0,1,1802,0
57.0,1,1787,0
58.0,1,1775,0
59.0,1,1756,0
60.0,1,1744,0
61.0,1,1726,0
62.0,1,1715,0
63.0,1,1703,0
64.0,1,1694,0
65.0,1,1682,0
66.0,1,1670,0
67.0,1,1659,0
68.0,1,1641,0
69.0,1,1631,0
70.0,1,1622,0
71.0,1,1620,0
72.0,1,1614,0
73.0,1,1598,0
74.0,1,1589,0
75.0,1,1574,0
76.0,1,1561,0
77.0,1,1550,0
78.0,1,1538,0
79.0,1,1520,0
80.0,1,1508,0
81.0,1,1494,0
82.0,1,1480,0
83.0,1,1469,0
84.0,1,1453,0
85.0,1,1440,0
86.0,1,1420,0
87.0,1,1405,0
88.0,1,1386,0
89.0,1,1375,0
90.0,1,1366,0
91.0,1,1347,0
92.0,1,1329,0
93.0,1,1307,0
94.0,1,1294,0
95.0,1,1274,0
96.0,1,1253,0
97.0,1,1237,0
98.0,1,1220,0
99.0,1,1206,0
100.0,1,1191,0
101.0,1,1176,0
102.0,1,1162,0
103.0,1,1136,0
104.0,1,1120,0
105.0,1,1102,0
106.0,1,1085,0
107.0,1,1066,0
108.0,1,1046,0
109.0,1,1030,0
110.0,1,1004,0
111.0,1,978,0
112.0,1,955,0
113.0,1,921,0
114.0,1,901,0
115.0,1,875,0
116.0,1,847,0
117.0,1,824,0
118.0,1,806,0
119.0,1,789,0
120.0,1,760,0
121.0,1,737,0
122.0,1,713,0
123.0,1,682,0
124.0,1,653,0
125.0,1,635,0
126.0,1,624,0
127.0,1,595,0
128.0,1,568,0
129.0,1,542,0
130.0,1,523,0
131.0,1,506,0
132.0,1,490,0
133.0,1,475,0
134.0,1,451,0
135.0,1,435,0
136.0,1,426,0
137.0,1,406,0
138.0,1,387,0
139.0,1,363,0
140.0,1,344,0
141.0,1,330,0
142.0,1,307,0
143.0,1,291,0
144.0,1,279,0
145.0,1,266,0
146.0,1,241,0
147.0,1,231,0
148.0,1,212,0
149.0,1,199,0
150.0,1,180,0
151.0,1,168,0
152.0,1,156,0
153.0,1,146,0
154.0,1,131,0
155.0,1,122,0
