"tick","run","Ant Count","Tip Count"
1.0,1,2000,0
2.0,1,2000,0
3.0,1,2000,0
4.0,1,2000,0
5.0,1,2000,0
6.0,1,2000,0
7.0,1,2000,0
8.0,1,2000,0
9.0,1,2000,0
10.0,1,2000,0
11.0,1,2000,0
12.0,1,2000,0
13.0,1,2000,0
14.0,1,2000,0
15.0,1,2000,0
16.0,1,2000,0
17.0,1,2000,0
18.0,1,2000,0
19.0,1,2000,0
20.0,1,2000,0
21.0,1,2000,0
22.0,1,2000,0
23.0,1,2000,0
24.0,1,2000,0
25.0,1,2000,0
26.0,1,2000,0
27.0,1,1999,0
28.0,1,1999,0
29.0,1,1998,0
30.0,1,1998,0
31.0,1,1998,0
32.0,1,1998,0
33.0,1,1998,0
34.0,1,1997,0
35.0,1,1997,0
36.0,1,1995,0
37.0,1,1993,0
38.0,1,1989,0
39.0,1,1979,0
40.0,1,1968,0
41.0,1,1959,0
42.0,1,1947,0
43.0,1,1934,0
44.0,1,1921,0
45.0,1,1915,0
46.0,1,1907,0
47.0,1,1892,0
48.0,1,1883,0
49.0,1,1873,0
50.0,1,1856,0
51.0,1,1844,0
52.0,1,1832,0
53.0,1,1817,0
54.0,1,1806,0
55.0,1,1798,0
56.0,1,1788,0
57.0,1,1772,0
58.0,1,1759,0
59.0,1,1748,0
60.0,1,1738,0
61.0,1,1716,0
62.0,1,1702,0
63.0,1,1686,0
64.0,1,1673,0
65.0,1,1658,0
66.0,1,1641,0
67.0,1,1625,0
68.0,1,1611,0
69.0,1,1603,0
70.0,1,1588,0
71.0,1,1576,0
72.0,1,1554,0
73.0,1,1543,0
74.0,1,1531,0
75.0,1,1522,0
76.0,1,1506,0
77.0,1,1482,0
78.0,1,1468,0
79.0,1,1455,0
80.0,1,1437,0
81.0,1,1423,0
82.0,1,1402,0
83.0,1,1379,0
84.0,1,1355,0
85.0,1,1334,0
86.0,1,1319,0
87.0,1,1303,0
88.0,1,1280,0
89.0,1,1264,0
90.0,1,1245,0
91.0,1,1227,0
92.0,1,1208,0
93.0,1,1189,0
94.0,1,1169,0
95.0,1,1153,0
96.0,1,1134,0
97.0,1,1113,0
98.0,1,1093,0
99.0,1,1074,0
100.0,1,1052,0
101.0,1,1026,0
102.0,1,1001,0
103.0,1,980,0
104.0,1,967,0
105.0,1,948,0
106.0,1,915,0
107.0,1,892,0
108.0,1,870,0
109.0,1,847,0
110.0,1,828,0
111.0,1,805,0
112.0,1,776,0
113.0,1,752,0
114.0,1,728,0
115.0,1,702,0
116.0,1,675,0
117.0,1,647,0
118.0,1,623,0
119.0,1,606,0
120.0,1,583,0
121.0,1,568,0
122.0,1,552,0
123.0,1,535,0
124.0,1,515,0
125.0,1,496,0
126.0,1,477,0
127.0,1,465,0
128.0,1,446,0
129.0,1,433,0
130.0,1,412,0
131.0,1,391,0
132.0,1,378,0
133.0,1,364,0
134.0,1,348,0
135.0,1,327,0
136.0,1,313,0
137.0,1,298,0
138.0,1,276,0
139.0,1,259,0
140.0,1,249,0
141.0,1,241,0
142.0,1,232,0
143.0,1,215,0
144.0,1,200,0
145.0,1,185,0
146.0,1,173,0
147.0,1,156,0
148.0,1,145,0
149.0,1,128,0
150.0,1,120,0
151.0,1,112,0
152.0,1,105,0
153.0,1,97,0
154.0,1,89,0
155.0,1,83,0
156.0,1,78,0
157.0,1,72,0
158.0,1,68,0
159.0,1,63,0
160.0,1,57,0
161.0,1,50,0
162.0,1,45,0
163.0,1,40,0
164.0,1,33,0
165.0,1,28,0
166.0,1,22,0
167.0,1,20,0
168.0,1,15,0
169.0,1,12,0
170.0,1,11,0
171.0,1,9,0
172.0,1,8,0
173.0,1,6,0
174.0,1,4,0
175.0,1,3,0
176.0,1,3,0
177.0,1,2,0
178.0,1,2,0
179.0,1,2,0
180.0,1,2,0
181.0,1,2,0
182.0,1,2,0
183.0,1,0,0
184.0,1,0,0
185.0,1,0,0
186.0,1,0,0
187.0,1,0,0
188.0,1,0,0
189.0,1,0,0
