"tick","run","Ant Count","Tip Count"
1.0,1,2000,0
2.0,1,2000,0
3.0,1,2000,0
4.0,1,2000,0
5.0,1,2000,0
6.0,1,2000,0
7.0,1,2000,0
8.0,1,2000,0
9.0,1,2000,0
10.0,1,2000,0
11.0,1,2000,0
12.0,1,2000,0
13.0,1,2000,0
14.0,1,2000,0
15.0,1,2000,0
16.0,1,2000,0
17.0,1,2000,0
18.0,1,2000,0
19.0,1,2000,0
20.0,1,2000,0
21.0,1,2000,0
22.0,1,1999,0
23.0,1,1999,0
24.0,1,1999,0
25.0,1,1999,0
26.0,1,1998,0
27.0,1,1997,0
28.0,1,1996,0
29.0,1,1996,0
30.0,1,1995,0
31.0,1,1993,0
32.0,1,1993,0
33.0,1,1991,0
34.0,1,1991,0
35.0,1,1990,0
36.0,1,1989,0
37.0,1,1987,0
38.0,1,1987,0
39.0,1,1987,0
40.0,1,1985,0
41.0,1,1984,0
42.0,1,1983,0
43.0,1,1982,0
44.0,1,1982,0
45.0,1,1982,0
46.0,1,1982,0
47.0,1,1980,0
48.0,1,1980,0
49.0,1,1976,0
50.0,1,1973,0
51.0,1,1971,0
52.0,1,1969,0
53.0,1,1967,0
54.0,1,1965,0
55.0,1,1963,0
56.0,1,1961,0
57.0,1,1958,0
58.0,1,1957,0
59.0,1,1954,0
60.0,1,1953,0
61.0,1,1952,0
62.0,1,1951,0
63.0,1,1948,0
64.0,1,1947,0
65.0,1,1945,0
66.0,1,1943,0
67.0,1,1943,0
68.0,1,1940,0
69.0,1,1938,0
70.0,1,1935,0
71.0,1,1934,0
72.0,1,1930,0
73.0,1,1925,0
74.0,1,1924,0
75.0,1,1916,0
76.0,1,1913,0
77.0,1,1907,0
78.0,1,1901,0
79.0,1,1895,0
80.0,1,1889,0
81.0,1,1884,0
82.0,1,1877,0
83.0,1,1868,0
84.0,1,1865,0
85.0,1,1860,0
86.0,1,1852,0
87.0,1,1847,0
88.0,1,1846,0
89.0,1,1841,0
90.0,1,1837,0
91.0,1,1830,0
92.0,1,1824,0
93.0,1,1817,0
94.0,1,1802,0
95.0,1,1792,0
96.0,1,1786,0
97.0,1,1777,0
98.0,1,1770,0
99.0,1,1756,0
100.0,1,1752,0
101.0,1,1748,0
102.0,1,1739,0
103.0,1,1728,0
104.0,1,1719,0
105.0,1,1707,0
106.0,1,1693,0
107.0,1,1678,0
108.0,1,1671,0
109.0,1,1661,0
110.0,1,1652,0
111.0,1,1645,0
112.0,1,1627,0
113.0,1,1615,0
114.0,1,1601,0
115.0,1,1583,0
116.0,1,1572,0
117.0,1,1558,0
118.0,1,1541,0
119.0,1,1519,0
120.0,1,1501,0
121.0,1,1486,0
122.0,1,1468,0
123.0,1,1450,0
124.0,1,1436,0
125.0,1,1413,0
126.0,1,1397,0
127.0,1,1372,0
128.0,1,1348,0
129.0,1,1324,0
130.0,1,1300,0
131.0,1,1286,0
132.0,1,1256,0
133.0,1,1226,0
134.0,1,1207,0
135.0,1,1189,0
136.0,1,1170,0
137.0,1,1147,0
138.0,1,1131,0
139.0,1,1110,0
140.0,1,1081,0
141.0,1,1065,0
142.0,1,1044,0
143.0,1,1014,0
144.0,1,985,0
145.0,1,956,0
146.0,1,932,0
147.0,1,918,0
148.0,1,901,0
149.0,1,870,0
150.0,1,844,0
151.0,1,813,0
152.0,1,788,0
153.0,1,771,0
154.0,1,744,0
155.0,1,715,0
156.0,1,687,0
157.0,1,655,0
158.0,1,628,0
159.0,1,598,0
160.0,1,566,0
161.0,1,538,0
162.0,1,513,0
163.0,1,487,0
164.0,1,469,0
165.0,1,451,0
166.0,1,429,0
167.0,1,415,0
168.0,1,391,0
169.0,1,367,0
170.0,1,338,0
171.0,1,314,0
172.0,1,294,0
173.0,1,279,0
174.0,1,267,0
175.0,1,257,0
176.0,1,240,0
177.0,1,225,0
178.0,1,203,0
179.0,1,193,0
180.0,1,181,0
181.0,1,174,0
182.0,1,153,0
183.0,1,141,0
184.0,1,129,0
185.0,1,117,0
186.0,1,111,0
187.0,1,96,0
188.0,1,85,0
189.0,1,79,0
190.0,1,69,0
191.0,1,63,0
192.0,1,60,0
193.0,1,52,0
194.0,1,44,0
195.0,1,38,0
196.0,1,32,0
197.0,1,24,0
198.0,1,21,0
199.0,1,17,0
200.0,1,16,0
201.0,1,13,0
202.0,1,10,0
203.0,1,7,0
204.0,1,7,0
205.0,1,7,0
206.0,1,7,0
207.0,1,6,0
208.0,1,6,0
209.0,1,5,0
210.0,1,3,0
211.0,1,1,0
212.0,1,1,0
213.0,1,1,0
214.0,1,1,0
215.0,1,1,0
216.0,1,1,0
217.0,1,1,0
218.0,1,1,0
219.0,1,0,0
220.0,1,0,0
221.0,1,0,0
222.0,1,0,0
223.0,1,0,0
224.0,1,0,0
225.0,1,0,0
226.0,1,0,0
227.0,1,0,0
228.0,1,0,0
229.0,1,0,0
230.0,1,0,0
231.0,1,0,0
232.0,1,0,0
233.0,1,0,0
234.0,1,0,0
235.0,1,0,0
236.0,1,0,0
237.0,1,0,0
238.0,1,0,0
239.0,1,0,0
240.0,1,0,0
241.0,1,0,0
242.0,1,0,0
243.0,1,0,0
244.0,1,0,0
245.0,1,0,0
