"tick","run","Ant Count","Tip Count"
1.0,1,2000,0
2.0,1,2000,0
3.0,1,2000,0
4.0,1,2000,0
5.0,1,2000,0
6.0,1,2000,0
7.0,1,2000,0
8.0,1,2000,0
9.0,1,2000,0
10.0,1,2000,0
11.0,1,2000,0
12.0,1,2000,0
13.0,1,2000,0
14.0,1,2000,0
15.0,1,2000,0
16.0,1,2000,0
17.0,1,2000,0
18.0,1,2000,0
19.0,1,2000,0
20.0,1,2000,0
21.0,1,2000,0
22.0,1,2000,0
23.0,1,2000,0
24.0,1,2000,0
25.0,1,2000,0
26.0,1,2000,0
27.0,1,2000,0
28.0,1,2000,0
29.0,1,2000,0
30.0,1,1999,0
31.0,1,1998,0
32.0,1,1998,0
33.0,1,1997,0
34.0,1,1997,0
35.0,1,1995,0
36.0,1,1994,0
37.0,1,1993,0
38.0,1,1992,0
39.0,1,1992,0
40.0,1,1992,0
41.0,1,1992,0
42.0,1,1992,0
43.0,1,1992,0
44.0,1,1991,0
45.0,1,1991,0
46.0,1,1991,0
47.0,1,1990,0
48.0,1,1989,0
49.0,1,1988,0
50.0,1,1986,0
51.0,1,1986,0
52.0,1,1983,0
53.0,1,1982,0
54.0,1,1981,0
55.0,1,1980,0
56.0,1,1979,0
57.0,1,1978,0
58.0,1,1976,0
59.0,1,1976,0
60.0,1,1973,0
61.0,1,1971,0
62.0,1,1970,0
63.0,1,1968,0
64.0,1,1965,0
65.0,1,1964,0
66.0,1,1962,0
67.0,1,1961,0
68.0,1,1958,0
69.0,1,1954,0
70.0,1,1952,0
71.0,1,1950,0
72.0,1,1948,0
73.0,1,1946,0
74.0,1,1942,0
75.0,1,1940,0
76.0,1,1935,0
77.0,1,1930,0
78.0,1,1927,0
79.0,1,1924,0
80.0,1,1921,0
81.0,1,1920,0
82.0,1,1919,0
83.0,1,1913,0
84.0,1,1910,0
85.0,1,1906,0
86.0,1,1902,0
87.0,1,1897,0
88.0,1,1893,0
89.0,1,1886,0
90.0,1,1880,0
91.0,1,1877,0
92.0,1,1873,0
93.0,1,1867,0
94.0,1,1860,0
95.0,1,1856,0
96.0,1,1850,0
97.0,1,1842,0
98.0,1,1835,0
99.0,1,1826,0
100.0,1,1822,0
101.0,1,1804,0
102.0,1,1796,0
103.0,1,1782,0
104.0,1,1772,0
105.0,1,1763,0
106.0,1,1754,0
107.0,1,1746,0
108.0,1,1734,0
109.0,1,1728,0
110.0,1,1714,0
111.0,1,1702,0
112.0,1,1692,0
113.0,1,1679,0
114.0,1,1664,0
115.0,1,1650,0
116.0,1,1635,0
117.0,1,1621,0
118.0,1,1604,0
119.0,1,1588,0
120.0,1,1568,0
121.0,1,1551,0
122.0,1,1535,0
123.0,1,1518,0
124.0,1,1499,0
125.0,1,1478,0
126.0,1,1460,0
127.0,1,1448,0
128.0,1,1427,0
129.0,1,1408,0
130.0,1,1386,0
131.0,1,1366,0
132.0,1,1341,0
133.0,1,1319,0
134.0,1,1295,0
135.0,1,1276,0
136.0,1,1252,0
137.0,1,1232,0
138.0,1,1205,0
139.0,1,1176,0
140.0,1,1147,0
141.0,1,1131,0
142.0,1,1106,0
143.0,1,1086,0
144.0,1,1066,0
145.0,1,1039,0
146.0,1,1017,0
147.0,1,998,0
148.0,1,975,0
149.0,1,956,0
150.0,1,931,0
151.0,1,906,0
152.0,1,870,0
153.0,1,845,0
154.0,1,810,0
155.0,1,782,0
156.0,1,751,0
157.0,1,722,0
158.0,1,684,0
159.0,1,646,0
160.0,1,619,0
161.0,1,595,0
162.0,1,573,0
163.0,1,542,0
164.0,1,517,0
165.0,1,477,0
166.0,1,453,0
167.0,1,423,0
168.0,1,402,0
169.0,1,377,0
170.0,1,350,0
171.0,1,324,0
172.0,1,305,0
173.0,1,276,0
174.0,1,261,0
175.0,1,247,0
176.0,1,229,0
177.0,1,210,0
178.0,1,201,0
179.0,1,186,0
180.0,1,158,0
181.0,1,148,0
182.0,1,137,0
183.0,1,129,0
184.0,1,107,0
185.0,1,95,0
186.0,1,85,0
187.0,1,82,0
188.0,1,76,0
189.0,1,68,0
190.0,1,64,0
191.0,1,55,0
192.0,1,48,0
193.0,1,43,0
194.0,1,39,0
195.0,1,32,0
196.0,1,26,0
197.0,1,25,0
198.0,1,19,0
