"tick","run","Ant Count","Tip Count"
1.0,1,2000,0
2.0,1,2000,0
3.0,1,2000,0
4.0,1,2000,0
5.0,1,2000,0
6.0,1,2000,0
7.0,1,2000,0
8.0,1,2000,0
9.0,1,2000,0
10.0,1,2000,0
11.0,1,2000,0
12.0,1,2000,0
13.0,1,2000,0
14.0,1,2000,0
15.0,1,2000,0
16.0,1,2000,0
17.0,1,2000,0
18.0,1,2000,0
19.0,1,2000,0
20.0,1,2000,0
21.0,1,2000,0
22.0,1,2000,0
23.0,1,2000,0
24.0,1,1999,0
25.0,1,1999,0
26.0,1,1999,0
27.0,1,1999,0
28.0,1,1999,0
29.0,1,1999,0
30.0,1,1998,0
31.0,1,1997,0
32.0,1,1997,0
33.0,1,1997,0
34.0,1,1997,0
35.0,1,1996,0
36.0,1,1993,0
37.0,1,1992,0
38.0,1,1991,0
39.0,1,1990,0
40.0,1,1990,0
41.0,1,1990,0
42.0,1,1988,0
43.0,1,1987,0
44.0,1,1986,0
45.0,1,1986,0
46.0,1,1985,0
47.0,1,1985,0
48.0,1,1983,0
49.0,1,1982,0
50.0,1,1979,0
51.0,1,1978,0
52.0,1,1975,0
53.0,1,1975,0
54.0,1,1975,0
55.0,1,1975,0
56.0,1,1973,0
57.0,1,1972,0
58.0,1,1970,0
59.0,1,1968,0
60.0,1,1967,0
61.0,1,1966,0
62.0,1,1964,0
63.0,1,1958,0
64.0,1,1958,0
65.0,1,1957,0
66.0,1,1956,0
67.0,1,1953,0
68.0,1,1952,0
69.0,1,1946,0
70.0,1,1946,0
71.0,1,1940,0
72.0,1,1938,0
73.0,1,1936,0
74.0,1,1933,0
75.0,1,1926,0
76.0,1,1923,0
77.0,1,1915,0
78.0,1,1912,0
79.0,1,1907,0
80.0,1,1902,0
81.0,1,1901,0
82.0,1,1898,0
83.0,1,1891,0
84.0,1,1880,0
85.0,1,1875,0
86.0,1,1865,0
87.0,1,1860,0
88.0,1,1851,0
89.0,1,1839,0
90.0,1,1832,0
91.0,1,1823,0
92.0,1,1815,0
93.0,1,1806,0
94.0,1,1795,0
95.0,1,1789,0
96.0,1,1780,0
97.0,1,1766,0
98.0,1,1753,0
99.0,1,1741,0
100.0,1,1725,0
101.0,1,1718,0
102.0,1,1708,0
103.0,1,1696,0
104.0,1,1674,0
105.0,1,1661,0
106.0,1,1651,0
107.0,1,1635,0
108.0,1,1618,0
109.0,1,1601,0
110.0,1,1589,0
111.0,1,1572,0
112.0,1,1555,0
113.0,1,1544,0
114.0,1,1524,0
115.0,1,1508,0
116.0,1,1494,0
117.0,1,1474,0
118.0,1,1453,0
119.0,1,1437,0
120.0,1,1419,0
121.0,1,1400,0
122.0,1,1369,0
123.0,1,1351,0
124.0,1,1330,0
125.0,1,1311,0
126.0,1,1280,0
127.0,1,1248,0
128.0,1,1224,0
129.0,1,1206,0
130.0,1,1185,0
131.0,1,1163,0
132.0,1,1140,0
133.0,1,1120,0
134.0,1,1102,0
135.0,1,1081,0
136.0,1,1055,0
137.0,1,1026,0
138.0,1,1007,0
139.0,1,989,0
140.0,1,973,0
141.0,1,945,0
142.0,1,913,0
143.0,1,883,0
144.0,1,859,0
145.0,1,838,0
146.0,1,812,0
147.0,1,795,0
148.0,1,770,0
149.0,1,746,0
150.0,1,713,0
151.0,1,685,0
152.0,1,659,0
153.0,1,634,0
154.0,1,609,0
155.0,1,582,0
156.0,1,562,0
157.0,1,530,0
158.0,1,514,0
159.0,1,495,0
160.0,1,459,0
161.0,1,433,0
162.0,1,413,0
163.0,1,395,0
164.0,1,369,0
165.0,1,347,0
166.0,1,331,0
167.0,1,303,0
168.0,1,290,0
169.0,1,277,0
170.0,1,255,0
171.0,1,243,0
172.0,1,228,0
173.0,1,216,0
174.0,1,196,0
175.0,1,182,0
176.0,1,172,0
177.0,1,164,0
178.0,1,154,0
179.0,1,141,0
180.0,1,131,0
181.0,1,119,0
182.0,1,108,0
183.0,1,95,0
184.0,1,86,0
185.0,1,72,0
186.0,1,70,0
187.0,1,63,0
188.0,1,47,0
189.0,1,43,0
190.0,1,35,0
191.0,1,30,0
192.0,1,26,0
193.0,1,22,0
194.0,1,20,0
195.0,1,18,0
196.0,1,13,0
197.0,1,9,0
198.0,1,9,0
199.0,1,7,0
200.0,1,5,0
201.0,1,5,0
202.0,1,3,0
203.0,1,2,0
204.0,1,1,0
205.0,1,1,0
206.0,1,1,0
207.0,1,1,0
208.0,1,0,0
209.0,1,0,0
210.0,1,0,0
211.0,1,0,0
212.0,1,0,0
213.0,1,0,0
214.0,1,0,0
215.0,1,0,0
216.0,1,0,0
217.0,1,0,0
218.0,1,0,0
219.0,1,0,0
220.0,1,0,0
221.0,1,0,0
222.0,1,0,0
223.0,1,0,0
224.0,1,0,0
225.0,1,0,0
226.0,1,0,0
227.0,1,0,0
228.0,1,0,0
229.0,1,0,0
230.0,1,0,0
231.0,1,0,0
232.0,1,0,0
233.0,1,0,0
234.0,1,0,0
235.0,1,0,0
236.0,1,0,0
237.0,1,0,0
238.0,1,0,0
239.0,1,0,0
