"tick","run","Ant Count","Tip Count"
1.0,1,2000,0
2.0,1,2000,0
3.0,1,2000,0
4.0,1,2000,0
5.0,1,2000,0
6.0,1,2000,0
7.0,1,2000,0
8.0,1,2000,0
9.0,1,2000,0
10.0,1,2000,0
11.0,1,2000,0
12.0,1,2000,0
13.0,1,2000,0
14.0,1,2000,0
15.0,1,2000,0
16.0,1,2000,0
17.0,1,2000,0
18.0,1,2000,0
19.0,1,2000,0
20.0,1,2000,0
21.0,1,2000,0
22.0,1,2000,0
23.0,1,2000,0
24.0,1,2000,0
25.0,1,2000,0
26.0,1,2000,0
27.0,1,2000,0
28.0,1,2000,0
29.0,1,1998,0
30.0,1,1998,0
31.0,1,1998,0
32.0,1,1996,0
33.0,1,1994,0
34.0,1,1992,0
35.0,1,1992,0
36.0,1,1992,0
37.0,1,1991,0
38.0,1,1989,0
39.0,1,1988,0
40.0,1,1988,0
41.0,1,1987,0
42.0,1,1987,0
43.0,1,1985,0
44.0,1,1985,0
45.0,1,1983,0
46.0,1,1981,0
47.0,1,1981,0
48.0,1,1981,0
49.0,1,1981,0
50.0,1,1979,0
51.0,1,1979,0
52.0,1,1976,0
53.0,1,1974,0
54.0,1,1971,0
55.0,1,1971,0
56.0,1,1970,0
57.0,1,1968,0
58.0,1,1967,0
59.0,1,1966,0
60.0,1,1966,0
61.0,1,1965,0
62.0,1,1963,0
63.0,1,1961,0
64.0,1,1959,0
65.0,1,1958,0
66.0,1,1956,0
67.0,1,1954,0
68.0,1,1948,0
69.0,1,1944,0
70.0,1,1940,0
71.0,1,1938,0
72.0,1,1934,0
73.0,1,1927,0
74.0,1,1918,0
75.0,1,1917,0
76.0,1,1914,0
77.0,1,1908,0
78.0,1,1906,0
79.0,1,1899,0
80.0,1,1895,0
81.0,1,1887,0
82.0,1,1885,0
83.0,1,1881,0
84.0,1,1874,0
85.0,1,1869,0
86.0,1,1861,0
87.0,1,1855,0
88.0,1,1851,0
89.0,1,1845,0
90.0,1,1841,0
91.0,1,1835,0
92.0,1,1830,0
93.0,1,1819,0
94.0,1,1800,0
95.0,1,1788,0
96.0,1,1778,0
97.0,1,1768,0
98.0,1,1754,0
99.0,1,1744,0
100.0,1,1736,0
101.0,1,1724,0
102.0,1,1713,0
103.0,1,1703,0
104.0,1,1688,0
105.0,1,1673,0
106.0,1,1660,0
107.0,1,1649,0
108.0,1,1638,0
109.0,1,1625,0
110.0,1,1609,0
111.0,1,1598,0
112.0,1,1583,0
113.0,1,1572,0
114.0,1,1559,0
115.0,1,1546,0
116.0,1,1526,0
117.0,1,1512,0
118.0,1,1487,0
119.0,1,1474,0
120.0,1,1458,0
121.0,1,1445,0
122.0,1,1425,0
123.0,1,1405,0
124.0,1,1391,0
125.0,1,1369,0
126.0,1,1352,0
127.0,1,1333,0
128.0,1,1314,0
129.0,1,1303,0
130.0,1,1276,0
131.0,1,1248,0
132.0,1,1222,0
