"tick","run","Ant Count","Tip Count"
1.0,1,2000,0
2.0,1,2000,0
3.0,1,2000,0
4.0,1,2000,0
5.0,1,2000,0
6.0,1,2000,0
7.0,1,2000,0
8.0,1,2000,0
9.0,1,2000,0
10.0,1,2000,0
11.0,1,2000,0
12.0,1,2000,0
13.0,1,2000,0
14.0,1,2000,0
15.0,1,2000,0
16.0,1,2000,0
17.0,1,2000,0
18.0,1,2000,0
19.0,1,2000,0
20.0,1,2000,0
21.0,1,2000,0
22.0,1,2000,0
23.0,1,2000,0
24.0,1,2000,0
25.0,1,2000,0
26.0,1,2000,0
27.0,1,2000,0
28.0,1,2000,0
29.0,1,2000,0
30.0,1,2000,0
31.0,1,2000,0
32.0,1,2000,0
33.0,1,2000,0
34.0,1,2000,0
35.0,1,2000,0
36.0,1,2000,0
37.0,1,2000,0
38.0,1,2000,0
39.0,1,2000,0
40.0,1,2000,0
41.0,1,2000,0
42.0,1,2000,0
43.0,1,2000,0
44.0,1,2000,0
45.0,1,2000,0
46.0,1,2000,0
47.0,1,2000,0
48.0,1,2000,0
49.0,1,2000,0
50.0,1,2000,0
51.0,1,2000,0
52.0,1,2000,0
53.0,1,2000,0
54.0,1,2000,0
55.0,1,2000,0
56.0,1,2000,0
57.0,1,2000,0
58.0,1,2000,0
59.0,1,2000,0
60.0,1,2000,0
61.0,1,2000,0
62.0,1,2000,0
63.0,1,2000,0
64.0,1,2000,0
65.0,1,2000,0
66.0,1,2000,0
67.0,1,2000,0
68.0,1,2000,0
69.0,1,2000,0
70.0,1,2000,0
71.0,1,2000,0
72.0,1,2000,0
73.0,1,2000,0
74.0,1,2000,0
75.0,1,2000,0
76.0,1,2000,0
77.0,1,2000,0
78.0,1,2000,0
79.0,1,2000,0
80.0,1,2000,0
81.0,1,2000,0
82.0,1,2000,0
83.0,1,2000,0
84.0,1,2000,0
85.0,1,2000,0
86.0,1,2000,0
87.0,1,2000,0
88.0,1,2000,0
89.0,1,2000,0
90.0,1,2000,0
91.0,1,2000,0
92.0,1,2000,0
93.0,1,2000,0
94.0,1,2000,0
95.0,1,2000,0
96.0,1,2000,0
97.0,1,2000,0
98.0,1,2000,0
99.0,1,2000,0
100.0,1,2000,0
101.0,1,2000,0
102.0,1,2000,0
103.0,1,2000,0
104.0,1,2000,0
105.0,1,2000,0
106.0,1,2000,0
107.0,1,2000,0
108.0,1,2000,0
109.0,1,2000,0
110.0,1,2000,0
111.0,1,2000,0
112.0,1,2000,0
113.0,1,2000,0
114.0,1,2000,0
115.0,1,2000,0
116.0,1,2000,0
117.0,1,2000,0
118.0,1,2000,0
119.0,1,2000,0
120.0,1,2000,0
121.0,1,2000,0
122.0,1,2000,0
123.0,1,2000,0
124.0,1,2000,0
125.0,1,2000,0
126.0,1,2000,0
127.0,1,2000,0
128.0,1,2000,0
129.0,1,2000,0
130.0,1,2000,0
131.0,1,2000,0
132.0,1,2000,0
133.0,1,2000,0
134.0,1,2000,0
135.0,1,2000,0
136.0,1,2000,0
137.0,1,2000,0
138.0,1,2000,0
139.0,1,2000,0
140.0,1,2000,0
141.0,1,2000,0
142.0,1,2000,0
143.0,1,2000,0
144.0,1,2000,0
145.0,1,2000,0
146.0,1,2000,0
147.0,1,2000,0
148.0,1,2000,0
149.0,1,2000,0
150.0,1,2000,0
151.0,1,2000,0
152.0,1,2000,0
153.0,1,2000,0
154.0,1,2000,0
155.0,1,2000,0
156.0,1,2000,0
157.0,1,2000,0
158.0,1,2000,0
159.0,1,2000,0
160.0,1,2000,0
161.0,1,2000,0
162.0,1,2000,0
163.0,1,2000,0
164.0,1,2000,0
165.0,1,2000,0
166.0,1,2000,0
167.0,1,2000,0
168.0,1,2000,0
169.0,1,2000,0
170.0,1,2000,0
171.0,1,2000,0
172.0,1,2000,0
173.0,1,2000,0
174.0,1,2000,0
175.0,1,2000,0
176.0,1,2000,0
177.0,1,2000,0
178.0,1,2000,0
179.0,1,2000,0
180.0,1,2000,0
181.0,1,2000,0
182.0,1,2000,0
183.0,1,2000,0
184.0,1,2000,0
185.0,1,2000,0
186.0,1,2000,0
187.0,1,2000,0
188.0,1,2000,0
189.0,1,2000,0
190.0,1,2000,0
191.0,1,2000,0
192.0,1,2000,0
193.0,1,2000,0
194.0,1,2000,0
195.0,1,2000,0
196.0,1,2000,0
197.0,1,2000,0
198.0,1,2000,0
199.0,1,2000,0
200.0,1,2000,0
201.0,1,2000,0
202.0,1,2000,0
203.0,1,2000,0
204.0,1,2000,0
205.0,1,2000,0
206.0,1,2000,0
207.0,1,2000,0
208.0,1,2000,0
209.0,1,2000,0
210.0,1,2000,0
211.0,1,2000,0
212.0,1,2000,0
213.0,1,2000,0
214.0,1,2000,0
215.0,1,2000,0
216.0,1,2000,0
217.0,1,2000,0
218.0,1,2000,0
219.0,1,2000,0
220.0,1,2000,0
221.0,1,2000,0
222.0,1,2000,0
223.0,1,2000,0
224.0,1,2000,0
225.0,1,2000,0
226.0,1,2000,0
227.0,1,2000,0
228.0,1,2000,0
229.0,1,2000,0
230.0,1,2000,0
231.0,1,2000,0
232.0,1,2000,0
233.0,1,2000,0
234.0,1,2000,0
235.0,1,2000,0
236.0,1,2000,0
237.0,1,2000,0
238.0,1,2000,0
239.0,1,2000,0
240.0,1,2000,0
241.0,1,2000,0
242.0,1,2000,0
243.0,1,2000,0
244.0,1,2000,0
245.0,1,2000,0
246.0,1,2000,0
247.0,1,2000,0
248.0,1,2000,0
249.0,1,2000,0
250.0,1,2000,0
251.0,1,2000,0
252.0,1,2000,0
253.0,1,2000,0
254.0,1,2000,0
255.0,1,2000,0
256.0,1,2000,0
257.0,1,2000,0
258.0,1,2000,0
259.0,1,2000,0
260.0,1,2000,0
261.0,1,2000,0
262.0,1,2000,0
263.0,1,2000,0
264.0,1,2000,0
265.0,1,2000,0
266.0,1,2000,0
267.0,1,2000,0
268.0,1,2000,0
269.0,1,2000,0
270.0,1,2000,0
271.0,1,2000,0
272.0,1,2000,0
273.0,1,2000,0
274.0,1,2000,0
275.0,1,2000,0
276.0,1,2000,0
277.0,1,2000,0
278.0,1,2000,0
279.0,1,2000,0
280.0,1,2000,0
281.0,1,1999,0
282.0,1,1999,0
283.0,1,1999,0
284.0,1,1999,0
285.0,1,1999,0
286.0,1,1999,0
287.0,1,1999,0
288.0,1,1999,0
289.0,1,1999,0
290.0,1,1999,0
291.0,1,1999,0
292.0,1,1999,0
293.0,1,1999,0
294.0,1,1999,0
295.0,1,1999,0
296.0,1,1999,0
297.0,1,1999,0
298.0,1,1999,0
299.0,1,1999,0
300.0,1,1999,0
301.0,1,1998,0
302.0,1,1998,0
303.0,1,1998,0
304.0,1,1998,0
305.0,1,1998,0
306.0,1,1998,0
307.0,1,1998,0
308.0,1,1998,0
309.0,1,1998,0
310.0,1,1998,0
311.0,1,1998,0
312.0,1,1998,0
313.0,1,1998,0
314.0,1,1998,0
315.0,1,1998,0
316.0,1,1998,0
317.0,1,1998,0
318.0,1,1998,0
319.0,1,1998,0
320.0,1,1998,0
321.0,1,1997,0
322.0,1,1997,0
323.0,1,1997,0
324.0,1,1997,0
325.0,1,1997,0
326.0,1,1997,0
327.0,1,1997,0
328.0,1,1997,0
329.0,1,1997,0
330.0,1,1997,0
331.0,1,1996,0
332.0,1,1996,0
333.0,1,1996,0
334.0,1,1996,0
335.0,1,1996,0
336.0,1,1996,0
337.0,1,1996,0
338.0,1,1996,0
339.0,1,1996,0
340.0,1,1996,0
341.0,1,1995,0
342.0,1,1995,0
343.0,1,1995,0
344.0,1,1995,0
345.0,1,1995,0
