"tick","run","Ant Count","Tip Count"
1.0,1,2000,0
2.0,1,2000,0
3.0,1,2000,0
4.0,1,2000,0
5.0,1,2000,0
6.0,1,2000,0
7.0,1,2000,0
8.0,1,2000,0
9.0,1,2000,0
10.0,1,2000,0
11.0,1,2000,0
12.0,1,2000,0
13.0,1,2000,0
14.0,1,2000,0
15.0,1,2000,0
16.0,1,2000,0
17.0,1,2000,0
18.0,1,2000,0
19.0,1,2000,0
20.0,1,2000,0
21.0,1,2000,0
22.0,1,2000,0
23.0,1,2000,0
24.0,1,2000,0
25.0,1,2000,0
26.0,1,2000,0
27.0,1,2000,0
28.0,1,2000,0
29.0,1,2000,0
30.0,1,2000,0
31.0,1,2000,0
32.0,1,2000,0
33.0,1,2000,0
34.0,1,1995,0
35.0,1,1994,0
36.0,1,1992,0
37.0,1,1985,0
38.0,1,1981,0
39.0,1,1975,0
40.0,1,1963,0
41.0,1,1953,0
42.0,1,1945,0
43.0,1,1932,0
44.0,1,1918,0
45.0,1,1914,0
46.0,1,1904,0
47.0,1,1898,0
48.0,1,1885,0
49.0,1,1873,0
50.0,1,1866,0
51.0,1,1850,0
52.0,1,1841,0
53.0,1,1823,0
54.0,1,1813,0
55.0,1,1806,0
56.0,1,1798,0
57.0,1,1781,0
58.0,1,1767,0
59.0,1,1751,0
60.0,1,1730,0
61.0,1,1715,0
62.0,1,1704,0
63.0,1,1694,0
64.0,1,1677,0
65.0,1,1661,0
66.0,1,1641,0
67.0,1,1630,0
68.0,1,1616,0
69.0,1,1595,0
70.0,1,1576,0
71.0,1,1556,0
72.0,1,1542,0
73.0,1,1529,0
74.0,1,1518,0
75.0,1,1500,0
76.0,1,1488,0
77.0,1,1472,0
78.0,1,1460,0
79.0,1,1435,0
80.0,1,1417,0
81.0,1,1394,0
82.0,1,1383,0
83.0,1,1365,0
84.0,1,1344,0
85.0,1,1320,0
86.0,1,1301,0
87.0,1,1277,0
88.0,1,1249,0
89.0,1,1228,0
90.0,1,1208,0
91.0,1,1185,0
92.0,1,1158,0
93.0,1,1136,0
94.0,1,1108,0
95.0,1,1087,0
96.0,1,1074,0
97.0,1,1050,0
98.0,1,1023,0
99.0,1,1001,0
100.0,1,978,0
101.0,1,957,0
102.0,1,930,0
103.0,1,913,0
104.0,1,891,0
105.0,1,869,0
106.0,1,855,0
107.0,1,840,0
108.0,1,822,0
109.0,1,797,0
110.0,1,781,0
111.0,1,758,0
112.0,1,736,0
113.0,1,717,0
114.0,1,694,0
115.0,1,676,0
116.0,1,658,0
117.0,1,636,0
118.0,1,619,0
119.0,1,603,0
120.0,1,583,0
121.0,1,562,0
122.0,1,544,0
123.0,1,528,0
124.0,1,515,0
125.0,1,490,0
126.0,1,469,0
127.0,1,451,0
128.0,1,437,0
129.0,1,418,0
130.0,1,403,0
131.0,1,389,0
132.0,1,373,0
133.0,1,354,0
134.0,1,335,0
135.0,1,317,0
136.0,1,300,0
137.0,1,279,0
138.0,1,270,0
139.0,1,248,0
140.0,1,236,0
141.0,1,221,0
142.0,1,213,0
143.0,1,195,0
144.0,1,180,0
145.0,1,163,0
146.0,1,151,0
147.0,1,141,0
148.0,1,127,0
149.0,1,114,0
150.0,1,102,0
151.0,1,83,0
152.0,1,77,0
153.0,1,70,0
154.0,1,65,0
155.0,1,58,0
156.0,1,50,0
157.0,1,46,0
158.0,1,38,0
159.0,1,35,0
160.0,1,28,0
161.0,1,24,0
162.0,1,20,0
163.0,1,17,0
164.0,1,13,0
165.0,1,12,0
166.0,1,10,0
167.0,1,10,0
168.0,1,8,0
169.0,1,7,0
170.0,1,7,0
171.0,1,5,0
172.0,1,5,0
173.0,1,3,0
174.0,1,3,0
175.0,1,1,0
176.0,1,1,0
177.0,1,1,0
178.0,1,1,0
179.0,1,1,0
180.0,1,1,0
181.0,1,1,0
182.0,1,1,0
183.0,1,1,0
184.0,1,1,0
185.0,1,0,0
