"tick","run","Ant Count","Tip Count"
1.0,1,2000,0
2.0,1,2000,0
3.0,1,2000,0
4.0,1,2000,0
5.0,1,2000,0
6.0,1,2000,0
7.0,1,2000,0
8.0,1,2000,0
9.0,1,2000,0
10.0,1,2000,0
11.0,1,2000,0
12.0,1,2000,0
13.0,1,2000,0
14.0,1,2000,0
15.0,1,2000,0
16.0,1,2000,0
17.0,1,2000,0
18.0,1,2000,0
19.0,1,2000,0
20.0,1,2000,0
21.0,1,2000,0
22.0,1,2000,0
23.0,1,2000,0
24.0,1,2000,0
25.0,1,2000,0
26.0,1,1999,0
27.0,1,1999,0
28.0,1,1999,0
29.0,1,1999,0
30.0,1,1998,0
31.0,1,1997,0
32.0,1,1996,0
33.0,1,1995,0
34.0,1,1992,0
35.0,1,1990,0
36.0,1,1988,0
37.0,1,1985,0
38.0,1,1985,0
39.0,1,1985,0
40.0,1,1984,0
41.0,1,1983,0
42.0,1,1982,0
43.0,1,1981,0
44.0,1,1980,0
45.0,1,1977,0
46.0,1,1975,0
47.0,1,1974,0
48.0,1,1973,0
49.0,1,1972,0
50.0,1,1971,0
51.0,1,1970,0
52.0,1,1967,0
53.0,1,1966,0
54.0,1,1965,0
55.0,1,1962,0
56.0,1,1958,0
57.0,1,1958,0
58.0,1,1956,0
59.0,1,1954,0
60.0,1,1953,0
61.0,1,1953,0
62.0,1,1953,0
63.0,1,1952,0
64.0,1,1950,0
65.0,1,1949,0
66.0,1,1949,0
67.0,1,1945,0
68.0,1,1942,0
69.0,1,1940,0
70.0,1,1936,0
71.0,1,1929,0
72.0,1,1926,0
73.0,1,1924,0
74.0,1,1921,0
75.0,1,1917,0
76.0,1,1911,0
77.0,1,1907,0
78.0,1,1901,0
79.0,1,1896,0
80.0,1,1891,0
81.0,1,1884,0
82.0,1,1878,0
83.0,1,1870,0
84.0,1,1862,0
85.0,1,1855,0
86.0,1,1845,0
87.0,1,1841,0
88.0,1,1829,0
89.0,1,1820,0
90.0,1,1811,0
91.0,1,1799,0
92.0,1,1786,0
93.0,1,1779,0
94.0,1,1771,0
95.0,1,1762,0
96.0,1,1751,0
97.0,1,1735,0
98.0,1,1725,0
99.0,1,1707,0
100.0,1,1697,0
101.0,1,1689,0
102.0,1,1675,0
103.0,1,1660,0
104.0,1,1643,0
105.0,1,1621,0
106.0,1,1609,0
107.0,1,1589,0
108.0,1,1576,0
109.0,1,1562,0
110.0,1,1545,0
111.0,1,1523,0
112.0,1,1512,0
113.0,1,1494,0
114.0,1,1483,0
115.0,1,1472,0
116.0,1,1457,0
117.0,1,1441,0
118.0,1,1423,0
119.0,1,1399,0
120.0,1,1377,0
121.0,1,1359,0
122.0,1,1340,0
123.0,1,1317,0
124.0,1,1295,0
125.0,1,1269,0
126.0,1,1243,0
127.0,1,1225,0
128.0,1,1207,0
129.0,1,1175,0
130.0,1,1153,0
131.0,1,1121,0
132.0,1,1102,0
133.0,1,1085,0
134.0,1,1063,0
135.0,1,1043,0
136.0,1,1017,0
137.0,1,996,0
