"tick","run","Ant Count","Tip Count"
1.0,1,2000,0
2.0,1,2000,0
3.0,1,2000,0
4.0,1,2000,0
5.0,1,2000,0
6.0,1,2000,0
7.0,1,2000,0
8.0,1,2000,0
9.0,1,2000,0
10.0,1,2000,0
11.0,1,2000,0
12.0,1,2000,0
13.0,1,2000,0
14.0,1,2000,0
15.0,1,2000,0
16.0,1,2000,0
17.0,1,2000,0
18.0,1,2000,0
19.0,1,2000,0
20.0,1,2000,0
21.0,1,2000,0
22.0,1,2000,0
23.0,1,2000,0
24.0,1,2000,0
25.0,1,2000,0
26.0,1,1999,0
27.0,1,1999,0
28.0,1,1999,0
29.0,1,1999,0
30.0,1,1998,0
31.0,1,1998,0
32.0,1,1998,0
33.0,1,1997,0
34.0,1,1996,0
35.0,1,1992,0
36.0,1,1987,0
37.0,1,1982,0
38.0,1,1975,0
39.0,1,1965,0
40.0,1,1957,0
41.0,1,1947,0
42.0,1,1935,0
43.0,1,1921,0
44.0,1,1909,0
45.0,1,1900,0
46.0,1,1883,0
47.0,1,1859,0
48.0,1,1842,0
49.0,1,1835,0
50.0,1,1826,0
51.0,1,1812,0
52.0,1,1804,0
53.0,1,1796,0
54.0,1,1789,0
55.0,1,1779,0
56.0,1,1765,0
57.0,1,1752,0
58.0,1,1741,0
59.0,1,1734,0
60.0,1,1716,0
61.0,1,1702,0
62.0,1,1685,0
63.0,1,1666,0
64.0,1,1651,0
65.0,1,1634,0
66.0,1,1612,0
67.0,1,1596,0
68.0,1,1585,0
69.0,1,1573,0
70.0,1,1561,0
71.0,1,1548,0
72.0,1,1531,0
73.0,1,1523,0
74.0,1,1507,0
75.0,1,1497,0
76.0,1,1484,0
77.0,1,1474,0
78.0,1,1464,0
79.0,1,1449,0
80.0,1,1438,0
81.0,1,1414,0
82.0,1,1399,0
83.0,1,1380,0
84.0,1,1361,0
85.0,1,1347,0
86.0,1,1331,0
87.0,1,1309,0
88.0,1,1294,0
89.0,1,1281,0
90.0,1,1259,0
91.0,1,1241,0
92.0,1,1224,0
93.0,1,1206,0
94.0,1,1184,0
95.0,1,1169,0
96.0,1,1150,0
97.0,1,1133,0
98.0,1,1118,0
99.0,1,1093,0
100.0,1,1075,0
101.0,1,1053,0
102.0,1,1028,0
103.0,1,1001,0
104.0,1,983,0
105.0,1,959,0
106.0,1,941,0
107.0,1,915,0
108.0,1,883,0
109.0,1,860,0
110.0,1,836,0
111.0,1,814,0
112.0,1,788,0
113.0,1,765,0
114.0,1,741,0
115.0,1,713,0
116.0,1,687,0
117.0,1,665,0
118.0,1,640,0
119.0,1,621,0
120.0,1,594,0
121.0,1,572,0
122.0,1,533,0
123.0,1,515,0
124.0,1,487,0
125.0,1,472,0
126.0,1,448,0
127.0,1,426,0
128.0,1,409,0
129.0,1,392,0
130.0,1,373,0
131.0,1,346,0
132.0,1,328,0
133.0,1,317,0
134.0,1,300,0
135.0,1,280,0
136.0,1,262,0
137.0,1,247,0
138.0,1,236,0
139.0,1,221,0
140.0,1,206,0
141.0,1,198,0
142.0,1,187,0
143.0,1,176,0
144.0,1,165,0
145.0,1,156,0
146.0,1,147,0
147.0,1,132,0
148.0,1,123,0
149.0,1,110,0
150.0,1,101,0
151.0,1,94,0
152.0,1,86,0
153.0,1,78,0
154.0,1,68,0
155.0,1,57,0
156.0,1,48,0
157.0,1,39,0
158.0,1,34,0
159.0,1,30,0
160.0,1,28,0
161.0,1,23,0
162.0,1,19,0
163.0,1,16,0
164.0,1,15,0
165.0,1,14,0
166.0,1,11,0
167.0,1,9,0
168.0,1,9,0
169.0,1,8,0
170.0,1,6,0
171.0,1,6,0
172.0,1,5,0
173.0,1,3,0
174.0,1,3,0
175.0,1,3,0
176.0,1,2,0
177.0,1,1,0
178.0,1,1,0
179.0,1,1,0
180.0,1,1,0
181.0,1,1,0
182.0,1,1,0
183.0,1,1,0
184.0,1,1,0
185.0,1,1,0
