"tick","run","Ant Count","Tip Count"
1.0,1,2000,0
2.0,1,2000,0
3.0,1,2000,0
4.0,1,2000,0
5.0,1,2000,0
6.0,1,2000,0
7.0,1,2000,0
8.0,1,2000,0
9.0,1,2000,0
10.0,1,2000,0
11.0,1,2000,0
12.0,1,2000,0
13.0,1,2000,0
14.0,1,2000,0
15.0,1,2000,0
16.0,1,2000,0
17.0,1,2000,0
18.0,1,2000,0
19.0,1,2000,0
20.0,1,2000,0
21.0,1,2000,0
22.0,1,1999,0
23.0,1,1999,0
24.0,1,1999,0
25.0,1,1999,0
26.0,1,1999,0
27.0,1,1999,0
28.0,1,1999,0
29.0,1,1999,0
30.0,1,1998,0
31.0,1,1996,0
32.0,1,1996,0
33.0,1,1993,0
34.0,1,1993,0
35.0,1,1993,0
36.0,1,1993,0
37.0,1,1992,0
38.0,1,1992,0
39.0,1,1991,0
40.0,1,1989,0
41.0,1,1988,0
42.0,1,1986,0
43.0,1,1985,0
44.0,1,1984,0
45.0,1,1981,0
46.0,1,1981,0
47.0,1,1979,0
48.0,1,1978,0
49.0,1,1976,0
50.0,1,1975,0
51.0,1,1970,0
52.0,1,1969,0
53.0,1,1967,0
54.0,1,1966,0
55.0,1,1964,0
56.0,1,1962,0
57.0,1,1961,0
58.0,1,1958,0
59.0,1,1956,0
60.0,1,1956,0
61.0,1,1955,0
62.0,1,1954,0
63.0,1,1953,0
64.0,1,1952,0
65.0,1,1947,0
66.0,1,1943,0
67.0,1,1941,0
68.0,1,1934,0
69.0,1,1934,0
70.0,1,1933,0
