"tick","run","Ant Count","Tip Count"
1.0,1,2000,0
2.0,1,2000,0
3.0,1,2000,0
4.0,1,2000,0
5.0,1,2000,0
6.0,1,2000,0
7.0,1,2000,0
8.0,1,2000,0
9.0,1,2000,0
10.0,1,2000,0
11.0,1,2000,0
12.0,1,2000,0
13.0,1,2000,0
14.0,1,2000,0
15.0,1,2000,0
16.0,1,2000,0
17.0,1,2000,0
18.0,1,2000,0
19.0,1,2000,0
20.0,1,2000,0
21.0,1,2000,0
22.0,1,2000,0
23.0,1,2000,0
24.0,1,2000,0
25.0,1,2000,0
26.0,1,2000,0
27.0,1,2000,0
28.0,1,2000,0
29.0,1,2000,0
30.0,1,2000,0
31.0,1,2000,0
32.0,1,2000,0
33.0,1,2000,0
34.0,1,1999,0
35.0,1,1994,0
36.0,1,1991,0
37.0,1,1987,0
38.0,1,1983,0
39.0,1,1976,0
40.0,1,1967,0
41.0,1,1958,0
42.0,1,1949,0
43.0,1,1941,0
44.0,1,1924,0
45.0,1,1918,0
46.0,1,1903,0
47.0,1,1894,0
48.0,1,1883,0
49.0,1,1865,0
50.0,1,1851,0
51.0,1,1834,0
52.0,1,1822,0
53.0,1,1811,0
54.0,1,1805,0
55.0,1,1796,0
56.0,1,1786,0
57.0,1,1781,0
58.0,1,1766,0
59.0,1,1757,0
60.0,1,1741,0
61.0,1,1730,0
62.0,1,1720,0
63.0,1,1704,0
64.0,1,1683,0
65.0,1,1672,0
66.0,1,1653,0
67.0,1,1641,0
68.0,1,1618,0
69.0,1,1601,0
70.0,1,1585,0
71.0,1,1573,0
72.0,1,1556,0
73.0,1,1547,0
74.0,1,1531,0
75.0,1,1519,0
76.0,1,1502,0
77.0,1,1489,0
78.0,1,1473,0
79.0,1,1462,0
80.0,1,1445,0
81.0,1,1426,0
82.0,1,1414,0
83.0,1,1405,0
84.0,1,1391,0
85.0,1,1374,0
86.0,1,1362,0
87.0,1,1345,0
88.0,1,1328,0
89.0,1,1310,0
90.0,1,1293,0
91.0,1,1276,0
92.0,1,1259,0
93.0,1,1244,0
94.0,1,1226,0
95.0,1,1207,0
96.0,1,1188,0
97.0,1,1165,0
98.0,1,1147,0
99.0,1,1132,0
100.0,1,1115,0
101.0,1,1096,0
102.0,1,1073,0
103.0,1,1048,0
104.0,1,1031,0
105.0,1,1016,0
106.0,1,992,0
107.0,1,971,0
108.0,1,953,0
109.0,1,935,0
110.0,1,913,0
111.0,1,900,0
112.0,1,873,0
113.0,1,852,0
114.0,1,825,0
115.0,1,805,0
116.0,1,782,0
117.0,1,761,0
118.0,1,738,0
119.0,1,714,0
120.0,1,693,0
121.0,1,675,0
122.0,1,660,0
123.0,1,639,0
