"tick","run","Ant Count","Tip Count"
1.0,1,2000,0
2.0,1,2000,0
3.0,1,2000,0
4.0,1,2000,0
5.0,1,2000,0
6.0,1,2000,0
7.0,1,2000,0
8.0,1,2000,0
9.0,1,2000,0
10.0,1,2000,0
11.0,1,2000,0
12.0,1,2000,0
13.0,1,2000,0
14.0,1,2000,0
15.0,1,2000,0
16.0,1,2000,0
17.0,1,2000,0
18.0,1,2000,0
19.0,1,2000,0
20.0,1,2000,0
21.0,1,2000,0
22.0,1,2000,0
23.0,1,2000,0
24.0,1,2000,0
25.0,1,2000,0
26.0,1,2000,0
27.0,1,2000,0
28.0,1,2000,0
29.0,1,2000,0
30.0,1,1999,0
31.0,1,1999,0
32.0,1,1999,0
33.0,1,1999,0
34.0,1,1997,0
35.0,1,1996,0
36.0,1,1992,0
37.0,1,1987,0
38.0,1,1980,0
39.0,1,1969,0
40.0,1,1963,0
41.0,1,1954,0
42.0,1,1941,0
43.0,1,1935,0
44.0,1,1923,0
45.0,1,1914,0
46.0,1,1905,0
47.0,1,1895,0
48.0,1,1875,0
49.0,1,1865,0
50.0,1,1854,0
51.0,1,1841,0
52.0,1,1831,0
53.0,1,1820,0
54.0,1,1815,0
55.0,1,1801,0
56.0,1,1784,0
57.0,1,1777,0
58.0,1,1764,0
59.0,1,1749,0
60.0,1,1732,0
61.0,1,1715,0
62.0,1,1698,0
63.0,1,1681,0
64.0,1,1667,0
65.0,1,1652,0
66.0,1,1635,0
67.0,1,1626,0
68.0,1,1610,0
69.0,1,1599,0
70.0,1,1581,0
71.0,1,1565,0
72.0,1,1552,0
73.0,1,1537,0
74.0,1,1523,0
75.0,1,1508,0
76.0,1,1497,0
77.0,1,1482,0
78.0,1,1469,0
79.0,1,1456,0
80.0,1,1442,0
81.0,1,1430,0
82.0,1,1417,0
83.0,1,1393,0
84.0,1,1371,0
85.0,1,1350,0
86.0,1,1331,0
87.0,1,1313,0
88.0,1,1289,0
89.0,1,1266,0
90.0,1,1246,0
91.0,1,1223,0
92.0,1,1196,0
93.0,1,1180,0
94.0,1,1157,0
95.0,1,1138,0
96.0,1,1115,0
97.0,1,1095,0
98.0,1,1083,0
99.0,1,1057,0
100.0,1,1036,0
101.0,1,1011,0
102.0,1,994,0
103.0,1,974,0
104.0,1,956,0
105.0,1,934,0
106.0,1,919,0
107.0,1,895,0
108.0,1,877,0
109.0,1,851,0
110.0,1,829,0
111.0,1,813,0
112.0,1,788,0
113.0,1,759,0
114.0,1,727,0
115.0,1,704,0
116.0,1,680,0
117.0,1,649,0
118.0,1,627,0
119.0,1,605,0
120.0,1,574,0
121.0,1,553,0
122.0,1,533,0
123.0,1,512,0
124.0,1,483,0
125.0,1,463,0
126.0,1,440,0
127.0,1,425,0
128.0,1,408,0
129.0,1,393,0
130.0,1,375,0
131.0,1,356,0
132.0,1,338,0
133.0,1,316,0
134.0,1,297,0
135.0,1,283,0
136.0,1,273,0
137.0,1,254,0
138.0,1,241,0
139.0,1,225,0
140.0,1,215,0
141.0,1,208,0
142.0,1,193,0
143.0,1,185,0
144.0,1,178,0
145.0,1,168,0
146.0,1,155,0
147.0,1,143,0
148.0,1,129,0
149.0,1,117,0
150.0,1,109,0
151.0,1,105,0
152.0,1,94,0
153.0,1,85,0
154.0,1,73,0
155.0,1,66,0
156.0,1,63,0
157.0,1,56,0
158.0,1,45,0
159.0,1,38,0
160.0,1,34,0
161.0,1,29,0
162.0,1,22,0
163.0,1,20,0
164.0,1,15,0
165.0,1,14,0
166.0,1,14,0
167.0,1,12,0
168.0,1,11,0
169.0,1,7,0
170.0,1,6,0
171.0,1,5,0
172.0,1,3,0
173.0,1,3,0
174.0,1,3,0
175.0,1,3,0
176.0,1,2,0
177.0,1,2,0
178.0,1,2,0
179.0,1,2,0
180.0,1,1,0
181.0,1,1,0
182.0,1,1,0
183.0,1,1,0
184.0,1,1,0
185.0,1,1,0
186.0,1,1,0
187.0,1,0,0
188.0,1,0,0
189.0,1,0,0
190.0,1,0,0
191.0,1,0,0
192.0,1,0,0
193.0,1,0,0
194.0,1,0,0
195.0,1,0,0
196.0,1,0,0
197.0,1,0,0
198.0,1,0,0
199.0,1,0,0
200.0,1,0,0
201.0,1,0,0
202.0,1,0,0
203.0,1,0,0
204.0,1,0,0
205.0,1,0,0
206.0,1,0,0
207.0,1,0,0
208.0,1,0,0
209.0,1,0,0
210.0,1,0,0
211.0,1,0,0
212.0,1,0,0
213.0,1,0,0
214.0,1,0,0
215.0,1,0,0
216.0,1,0,0
217.0,1,0,0
218.0,1,0,0
219.0,1,0,0
220.0,1,0,0
221.0,1,0,0
222.0,1,0,0
223.0,1,0,0
224.0,1,0,0
225.0,1,0,0
226.0,1,0,0
227.0,1,0,0
228.0,1,0,0
229.0,1,0,0
230.0,1,0,0
231.0,1,0,0
232.0,1,0,0
233.0,1,0,0
234.0,1,0,0
235.0,1,0,0
236.0,1,0,0
237.0,1,0,0
238.0,1,0,0
239.0,1,0,0
240.0,1,0,0
241.0,1,0,0
242.0,1,0,0
243.0,1,0,0
244.0,1,0,0
245.0,1,0,0
246.0,1,0,0
247.0,1,0,0
248.0,1,0,0
249.0,1,0,0
250.0,1,0,0
251.0,1,0,0
252.0,1,0,0
253.0,1,0,0
254.0,1,0,0
255.0,1,0,0
256.0,1,0,0
257.0,1,0,0
258.0,1,0,0
259.0,1,0,0
260.0,1,0,0
261.0,1,0,0
262.0,1,0,0
263.0,1,0,0
264.0,1,0,0
265.0,1,0,0
266.0,1,0,0
267.0,1,0,0
268.0,1,0,0
269.0,1,0,0
270.0,1,0,0
271.0,1,0,0
272.0,1,0,0
273.0,1,0,0
274.0,1,0,0
275.0,1,0,0
276.0,1,0,0
277.0,1,0,0
278.0,1,0,0
279.0,1,0,0
280.0,1,0,0
281.0,1,0,0
282.0,1,0,0
283.0,1,0,0
284.0,1,0,0
285.0,1,0,0
286.0,1,0,0
287.0,1,0,0
288.0,1,0,0
289.0,1,0,0
290.0,1,0,0
291.0,1,0,0
292.0,1,0,0
293.0,1,0,0
294.0,1,0,0
295.0,1,0,0
296.0,1,0,0
297.0,1,0,0
298.0,1,0,0
299.0,1,0,0
300.0,1,0,0
301.0,1,0,0
302.0,1,0,0
303.0,1,0,0
304.0,1,0,0
305.0,1,0,0
306.0,1,0,0
307.0,1,0,0
308.0,1,0,0
309.0,1,0,0
310.0,1,0,0
311.0,1,0,0
312.0,1,0,0
313.0,1,0,0
314.0,1,0,0
315.0,1,0,0
316.0,1,0,0
317.0,1,0,0
318.0,1,0,0
319.0,1,0,0
320.0,1,0,0
321.0,1,0,0
322.0,1,0,0
323.0,1,0,0
324.0,1,0,0
325.0,1,0,0
326.0,1,0,0
327.0,1,0,0
328.0,1,0,0
329.0,1,0,0
330.0,1,0,0
331.0,1,0,0
