"tick","run","Ant Count","Tip Count"
1.0,1,2000,0
2.0,1,2000,0
3.0,1,2000,0
4.0,1,2000,0
5.0,1,2000,0
6.0,1,2000,0
7.0,1,2000,0
8.0,1,2000,0
9.0,1,2000,0
10.0,1,2000,0
11.0,1,2000,0
12.0,1,2000,0
13.0,1,2000,0
14.0,1,2000,0
15.0,1,2000,0
16.0,1,2000,0
17.0,1,2000,0
18.0,1,2000,0
19.0,1,2000,0
20.0,1,2000,0
21.0,1,2000,0
22.0,1,2000,0
23.0,1,2000,0
24.0,1,2000,0
25.0,1,2000,0
26.0,1,2000,0
27.0,1,2000,0
28.0,1,2000,0
29.0,1,2000,0
30.0,1,2000,0
31.0,1,2000,0
32.0,1,2000,0
33.0,1,2000,0
34.0,1,1998,0
35.0,1,1996,0
36.0,1,1994,0
37.0,1,1990,0
38.0,1,1987,0
39.0,1,1980,0
40.0,1,1972,0
41.0,1,1963,0
42.0,1,1956,0
43.0,1,1949,0
44.0,1,1940,0
45.0,1,1927,0
46.0,1,1915,0
47.0,1,1900,0
48.0,1,1884,0
49.0,1,1864,0
50.0,1,1853,0
51.0,1,1850,0
52.0,1,1836,0
53.0,1,1825,0
54.0,1,1815,0
55.0,1,1805,0
56.0,1,1790,0
57.0,1,1781,0
58.0,1,1771,0
59.0,1,1761,0
60.0,1,1743,0
61.0,1,1731,0
62.0,1,1721,0
63.0,1,1709,0
64.0,1,1696,0
65.0,1,1678,0
66.0,1,1659,0
67.0,1,1631,0
68.0,1,1620,0
69.0,1,1607,0
70.0,1,1590,0
71.0,1,1574,0
72.0,1,1560,0
73.0,1,1547,0
74.0,1,1532,0
75.0,1,1522,0
76.0,1,1502,0
77.0,1,1491,0
78.0,1,1477,0
79.0,1,1461,0
80.0,1,1443,0
81.0,1,1422,0
82.0,1,1399,0
83.0,1,1382,0
84.0,1,1361,0
85.0,1,1346,0
86.0,1,1333,0
87.0,1,1307,0
88.0,1,1287,0
89.0,1,1268,0
90.0,1,1252,0
91.0,1,1243,0
92.0,1,1222,0
93.0,1,1195,0
94.0,1,1174,0
95.0,1,1142,0
96.0,1,1120,0
97.0,1,1101,0
98.0,1,1078,0
99.0,1,1052,0
100.0,1,1032,0
101.0,1,1004,0
102.0,1,975,0
103.0,1,951,0
104.0,1,927,0
105.0,1,909,0
106.0,1,886,0
107.0,1,869,0
108.0,1,851,0
109.0,1,826,0
110.0,1,801,0
111.0,1,777,0
112.0,1,752,0
113.0,1,731,0
114.0,1,710,0
115.0,1,690,0
116.0,1,667,0
117.0,1,646,0
118.0,1,628,0
119.0,1,600,0
120.0,1,582,0
121.0,1,568,0
122.0,1,546,0
123.0,1,531,0
124.0,1,515,0
125.0,1,498,0
126.0,1,482,0
127.0,1,462,0
128.0,1,454,0
129.0,1,441,0
130.0,1,431,0
131.0,1,410,0
132.0,1,398,0
133.0,1,385,0
134.0,1,366,0
135.0,1,348,0
136.0,1,336,0
137.0,1,314,0
138.0,1,302,0
139.0,1,292,0
140.0,1,280,0
141.0,1,266,0
142.0,1,250,0
143.0,1,230,0
144.0,1,219,0
145.0,1,209,0
146.0,1,205,0
147.0,1,198,0
148.0,1,186,0
149.0,1,177,0
150.0,1,165,0
151.0,1,153,0
152.0,1,145,0
153.0,1,134,0
154.0,1,124,0
155.0,1,116,0
156.0,1,109,0
157.0,1,103,0
158.0,1,99,0
159.0,1,92,0
160.0,1,87,0
161.0,1,82,0
162.0,1,77,0
163.0,1,69,0
164.0,1,69,0
165.0,1,61,0
166.0,1,53,0
167.0,1,51,0
168.0,1,49,0
169.0,1,46,0
170.0,1,42,0
171.0,1,38,0
172.0,1,36,0
173.0,1,34,0
174.0,1,33,0
175.0,1,28,0
176.0,1,25,0
177.0,1,24,0
178.0,1,24,0
179.0,1,21,0
180.0,1,20,0
181.0,1,19,0
182.0,1,18,0
183.0,1,16,0
184.0,1,15,0
185.0,1,12,0
186.0,1,11,0
187.0,1,9,0
188.0,1,9,0
189.0,1,7,0
190.0,1,5,0
191.0,1,3,0
192.0,1,2,0
193.0,1,2,0
194.0,1,2,0
195.0,1,0,0
196.0,1,0,0
197.0,1,0,0
198.0,1,0,0
199.0,1,0,0
200.0,1,0,0
201.0,1,0,0
202.0,1,0,0
203.0,1,0,0
204.0,1,0,0
205.0,1,0,0
206.0,1,0,0
207.0,1,0,0
208.0,1,0,0
209.0,1,0,0
210.0,1,0,0
211.0,1,0,0
212.0,1,0,0
213.0,1,0,0
214.0,1,0,0
215.0,1,0,0
216.0,1,0,0
217.0,1,0,0
218.0,1,0,0
219.0,1,0,0
220.0,1,0,0
221.0,1,0,0
222.0,1,0,0
223.0,1,0,0
224.0,1,0,0
225.0,1,0,0
226.0,1,0,0
227.0,1,0,0
228.0,1,0,0
229.0,1,0,0
230.0,1,0,0
231.0,1,0,0
232.0,1,0,0
233.0,1,0,0
234.0,1,0,0
235.0,1,0,0
236.0,1,0,0
237.0,1,0,0
238.0,1,0,0
239.0,1,0,0
240.0,1,0,0
241.0,1,0,0
242.0,1,0,0
243.0,1,0,0
244.0,1,0,0
245.0,1,0,0
246.0,1,0,0
247.0,1,0,0
248.0,1,0,0
249.0,1,0,0
250.0,1,0,0
251.0,1,0,0
252.0,1,0,0
253.0,1,0,0
254.0,1,0,0
255.0,1,0,0
256.0,1,0,0
257.0,1,0,0
258.0,1,0,0
259.0,1,0,0
260.0,1,0,0
261.0,1,0,0
262.0,1,0,0
263.0,1,0,0
264.0,1,0,0
265.0,1,0,0
266.0,1,0,0
267.0,1,0,0
268.0,1,0,0
269.0,1,0,0
270.0,1,0,0
271.0,1,0,0
272.0,1,0,0
273.0,1,0,0
274.0,1,0,0
275.0,1,0,0
276.0,1,0,0
277.0,1,0,0
278.0,1,0,0
279.0,1,0,0
280.0,1,0,0
281.0,1,0,0
282.0,1,0,0
283.0,1,0,0
284.0,1,0,0
285.0,1,0,0
286.0,1,0,0
287.0,1,0,0
288.0,1,0,0
289.0,1,0,0
290.0,1,0,0
291.0,1,0,0
292.0,1,0,0
293.0,1,0,0
294.0,1,0,0
295.0,1,0,0
296.0,1,0,0
