"tick","run","Ant Count","Tip Count"
1.0,1,2000,0
2.0,1,2000,0
3.0,1,2000,0
4.0,1,2000,0
5.0,1,2000,0
6.0,1,2000,0
7.0,1,2000,0
8.0,1,2000,0
9.0,1,2000,0
10.0,1,2000,0
11.0,1,2000,0
12.0,1,2000,0
13.0,1,2000,0
14.0,1,2000,0
15.0,1,2000,0
16.0,1,2000,0
17.0,1,2000,0
18.0,1,2000,0
19.0,1,2000,0
20.0,1,2000,0
21.0,1,2000,0
22.0,1,2000,0
23.0,1,2000,0
24.0,1,2000,0
25.0,1,2000,0
26.0,1,2000,0
27.0,1,2000,0
28.0,1,2000,0
29.0,1,2000,0
30.0,1,2000,0
31.0,1,2000,0
32.0,1,2000,0
33.0,1,1995,0
34.0,1,1992,0
35.0,1,1990,0
36.0,1,1983,0
37.0,1,1978,0
38.0,1,1970,0
39.0,1,1961,0
40.0,1,1949,0
41.0,1,1939,0
42.0,1,1930,0
43.0,1,1917,0
44.0,1,1906,0
45.0,1,1888,0
46.0,1,1876,0
47.0,1,1859,0
48.0,1,1847,0
49.0,1,1839,0
50.0,1,1827,0
51.0,1,1818,0
52.0,1,1806,0
53.0,1,1802,0
54.0,1,1796,0
55.0,1,1788,0
56.0,1,1778,0
57.0,1,1765,0
58.0,1,1751,0
59.0,1,1735,0
60.0,1,1729,0
61.0,1,1716,0
62.0,1,1702,0
63.0,1,1692,0
64.0,1,1678,0
65.0,1,1652,0
66.0,1,1645,0
67.0,1,1630,0
68.0,1,1615,0
69.0,1,1602,0
70.0,1,1587,0
71.0,1,1568,0
72.0,1,1553,0
73.0,1,1544,0
74.0,1,1536,0
75.0,1,1527,0
76.0,1,1512,0
77.0,1,1498,0
78.0,1,1479,0
79.0,1,1463,0
80.0,1,1450,0
81.0,1,1429,0
82.0,1,1405,0
83.0,1,1386,0
84.0,1,1374,0
85.0,1,1347,0
86.0,1,1326,0
87.0,1,1303,0
88.0,1,1281,0
89.0,1,1257,0
90.0,1,1248,0
91.0,1,1234,0
92.0,1,1218,0
93.0,1,1185,0
94.0,1,1169,0
95.0,1,1148,0
96.0,1,1133,0
97.0,1,1117,0
98.0,1,1094,0
99.0,1,1073,0
100.0,1,1057,0
101.0,1,1040,0
102.0,1,1020,0
103.0,1,999,0
104.0,1,979,0
105.0,1,951,0
106.0,1,929,0
107.0,1,911,0
108.0,1,888,0
109.0,1,867,0
110.0,1,845,0
111.0,1,818,0
112.0,1,797,0
113.0,1,782,0
114.0,1,760,0
115.0,1,725,0
116.0,1,705,0
117.0,1,677,0
118.0,1,656,0
119.0,1,643,0
120.0,1,622,0
121.0,1,606,0
122.0,1,583,0
123.0,1,568,0
124.0,1,548,0
125.0,1,528,0
126.0,1,513,0
127.0,1,501,0
128.0,1,481,0
129.0,1,463,0
130.0,1,455,0
131.0,1,448,0
132.0,1,432,0
133.0,1,419,0
134.0,1,408,0
135.0,1,389,0
136.0,1,371,0
137.0,1,355,0
138.0,1,330,0
139.0,1,321,0
140.0,1,306,0
141.0,1,296,0
142.0,1,280,0
143.0,1,267,0
144.0,1,254,0
145.0,1,240,0
146.0,1,227,0
147.0,1,212,0
148.0,1,203,0
149.0,1,199,0
150.0,1,186,0
151.0,1,174,0
152.0,1,163,0
153.0,1,153,0
154.0,1,143,0
155.0,1,135,0
156.0,1,127,0
157.0,1,122,0
158.0,1,118,0
159.0,1,114,0
160.0,1,103,0
161.0,1,93,0
162.0,1,87,0
163.0,1,78,0
164.0,1,74,0
165.0,1,69,0
166.0,1,58,0
167.0,1,54,0
168.0,1,50,0
169.0,1,41,0
170.0,1,38,0
171.0,1,36,0
172.0,1,31,0
173.0,1,26,0
174.0,1,20,0
175.0,1,18,0
176.0,1,16,0
177.0,1,14,0
178.0,1,13,0
179.0,1,11,0
180.0,1,10,0
181.0,1,9,0
182.0,1,7,0
183.0,1,7,0
184.0,1,7,0
185.0,1,6,0
186.0,1,6,0
187.0,1,6,0
188.0,1,4,0
189.0,1,2,0
190.0,1,1,0
191.0,1,0,0
192.0,1,0,0
193.0,1,0,0
194.0,1,0,0
195.0,1,0,0
196.0,1,0,0
197.0,1,0,0
198.0,1,0,0
199.0,1,0,0
200.0,1,0,0
201.0,1,0,0
202.0,1,0,0
203.0,1,0,0
204.0,1,0,0
205.0,1,0,0
206.0,1,0,0
207.0,1,0,0
208.0,1,0,0
209.0,1,0,0
210.0,1,0,0
211.0,1,0,0
212.0,1,0,0
213.0,1,0,0
214.0,1,0,0
215.0,1,0,0
216.0,1,0,0
217.0,1,0,0
218.0,1,0,0
219.0,1,0,0
220.0,1,0,0
