"tick","run","Ant Count","Tip Count"
1.0,1,2000,0
2.0,1,2000,0
3.0,1,2000,0
4.0,1,2000,0
5.0,1,2000,0
6.0,1,2000,0
7.0,1,2000,0
8.0,1,2000,0
9.0,1,2000,0
10.0,1,2000,0
11.0,1,2000,0
12.0,1,2000,0
13.0,1,2000,0
14.0,1,2000,0
15.0,1,2000,0
16.0,1,2000,0
17.0,1,2000,0
18.0,1,2000,0
19.0,1,2000,0
20.0,1,2000,0
21.0,1,2000,0
22.0,1,2000,0
23.0,1,2000,0
24.0,1,2000,0
25.0,1,2000,0
26.0,1,2000,0
27.0,1,2000,0
28.0,1,2000,0
29.0,1,2000,0
30.0,1,1999,0
31.0,1,1998,0
32.0,1,1997,0
33.0,1,1997,0
34.0,1,1996,0
35.0,1,1995,0
36.0,1,1995,0
37.0,1,1995,0
38.0,1,1995,0
39.0,1,1994,0
40.0,1,1994,0
41.0,1,1994,0
42.0,1,1993,0
43.0,1,1992,0
44.0,1,1992,0
45.0,1,1992,0
46.0,1,1991,0
47.0,1,1990,0
48.0,1,1988,0
49.0,1,1988,0
50.0,1,1984,0
51.0,1,1979,0
52.0,1,1977,0
53.0,1,1973,0
54.0,1,1971,0
55.0,1,1968,0
56.0,1,1966,0
57.0,1,1963,0
58.0,1,1961,0
59.0,1,1960,0
60.0,1,1958,0
61.0,1,1957,0
62.0,1,1953,0
63.0,1,1949,0
64.0,1,1946,0
65.0,1,1941,0
66.0,1,1941,0
67.0,1,1940,0
68.0,1,1938,0
69.0,1,1936,0
70.0,1,1932,0
71.0,1,1929,0
72.0,1,1925,0
73.0,1,1919,0
74.0,1,1918,0
75.0,1,1916,0
76.0,1,1912,0
77.0,1,1906,0
78.0,1,1901,0
79.0,1,1894,0
80.0,1,1891,0
81.0,1,1885,0
82.0,1,1882,0
83.0,1,1876,0
84.0,1,1869,0
85.0,1,1863,0
86.0,1,1856,0
87.0,1,1843,0
88.0,1,1840,0
89.0,1,1833,0
90.0,1,1819,0
91.0,1,1808,0
92.0,1,1797,0
93.0,1,1788,0
94.0,1,1779,0
95.0,1,1769,0
96.0,1,1757,0
97.0,1,1747,0
98.0,1,1734,0
99.0,1,1726,0
100.0,1,1718,0
101.0,1,1710,0
102.0,1,1695,0
103.0,1,1689,0
104.0,1,1674,0
105.0,1,1657,0
106.0,1,1641,0
107.0,1,1620,0
108.0,1,1608,0
109.0,1,1595,0
110.0,1,1585,0
111.0,1,1566,0
112.0,1,1548,0
113.0,1,1537,0
114.0,1,1525,0
115.0,1,1503,0
116.0,1,1486,0
117.0,1,1474,0
118.0,1,1450,0
119.0,1,1438,0
120.0,1,1420,0
121.0,1,1395,0
122.0,1,1383,0
123.0,1,1363,0
124.0,1,1342,0
125.0,1,1319,0
126.0,1,1300,0
127.0,1,1286,0
128.0,1,1263,0
129.0,1,1236,0
130.0,1,1205,0
131.0,1,1180,0
132.0,1,1164,0
133.0,1,1145,0
134.0,1,1119,0
135.0,1,1095,0
136.0,1,1079,0
137.0,1,1058,0
138.0,1,1038,0
139.0,1,1014,0
140.0,1,995,0
141.0,1,973,0
142.0,1,952,0
143.0,1,921,0
144.0,1,899,0
145.0,1,875,0
146.0,1,850,0
147.0,1,827,0
148.0,1,805,0
149.0,1,771,0
150.0,1,752,0
151.0,1,739,0
152.0,1,712,0
153.0,1,688,0
154.0,1,661,0
155.0,1,625,0
156.0,1,602,0
157.0,1,584,0
158.0,1,563,0
159.0,1,538,0
160.0,1,509,0
161.0,1,482,0
162.0,1,455,0
163.0,1,422,0
164.0,1,395,0
165.0,1,376,0
166.0,1,355,0
167.0,1,332,0
168.0,1,312,0
169.0,1,288,0
170.0,1,270,0
171.0,1,257,0
172.0,1,239,0
173.0,1,217,0
174.0,1,194,0
175.0,1,180,0
176.0,1,165,0
177.0,1,153,0
178.0,1,138,0
179.0,1,125,0
180.0,1,113,0
181.0,1,106,0
182.0,1,96,0
183.0,1,86,0
184.0,1,82,0
185.0,1,75,0
186.0,1,70,0
187.0,1,60,0
188.0,1,55,0
189.0,1,47,0
190.0,1,44,0
191.0,1,39,0
192.0,1,31,0
193.0,1,25,0
194.0,1,21,0
195.0,1,19,0
196.0,1,16,0
197.0,1,14,0
198.0,1,13,0
199.0,1,9,0
200.0,1,8,0
201.0,1,7,0
202.0,1,7,0
203.0,1,7,0
204.0,1,7,0
205.0,1,6,0
206.0,1,3,0
207.0,1,2,0
208.0,1,2,0
209.0,1,2,0
210.0,1,2,0
211.0,1,1,0
212.0,1,1,0
213.0,1,1,0
214.0,1,0,0
215.0,1,0,0
216.0,1,0,0
217.0,1,0,0
218.0,1,0,0
219.0,1,0,0
220.0,1,0,0
221.0,1,0,0
222.0,1,0,0
223.0,1,0,0
224.0,1,0,0
225.0,1,0,0
226.0,1,0,0
227.0,1,0,0
228.0,1,0,0
229.0,1,0,0
