"tick","run","Ant Count","Tip Count"
1.0,1,2000,0
2.0,1,2000,0
3.0,1,2000,0
4.0,1,2000,0
5.0,1,2000,0
6.0,1,2000,0
7.0,1,2000,0
8.0,1,2000,0
9.0,1,2000,0
10.0,1,2000,0
11.0,1,2000,0
12.0,1,2000,0
13.0,1,2000,0
14.0,1,2000,0
15.0,1,2000,0
16.0,1,2000,0
17.0,1,2000,0
18.0,1,2000,0
19.0,1,2000,0
20.0,1,2000,0
21.0,1,2000,0
22.0,1,2000,0
23.0,1,2000,0
24.0,1,2000,0
25.0,1,2000,0
26.0,1,2000,0
27.0,1,2000,0
28.0,1,1999,0
29.0,1,1999,0
30.0,1,1999,0
31.0,1,1999,0
32.0,1,1999,0
33.0,1,1999,0
34.0,1,1999,0
35.0,1,1999,0
36.0,1,1999,0
37.0,1,1999,0
38.0,1,1999,0
39.0,1,1998,0
40.0,1,1998,0
41.0,1,1998,0
42.0,1,1995,0
43.0,1,1993,0
44.0,1,1990,0
45.0,1,1987,0
46.0,1,1984,0
47.0,1,1978,0
48.0,1,1974,0
49.0,1,1967,0
50.0,1,1959,0
51.0,1,1956,0
52.0,1,1948,0
53.0,1,1944,0
54.0,1,1941,0
55.0,1,1934,0
56.0,1,1931,0
57.0,1,1926,0
58.0,1,1922,0
59.0,1,1919,0
60.0,1,1909,0
61.0,1,1904,0
62.0,1,1898,0
63.0,1,1894,0
64.0,1,1884,0
65.0,1,1871,0
66.0,1,1855,0
67.0,1,1846,0
68.0,1,1832,0
69.0,1,1824,0
70.0,1,1814,0
71.0,1,1807,0
72.0,1,1797,0
73.0,1,1786,0
74.0,1,1773,0
75.0,1,1761,0
76.0,1,1753,0
77.0,1,1748,0
78.0,1,1734,0
79.0,1,1721,0
80.0,1,1711,0
81.0,1,1700,0
82.0,1,1694,0
83.0,1,1682,0
84.0,1,1660,0
85.0,1,1646,0
86.0,1,1629,0
87.0,1,1614,0
88.0,1,1600,0
89.0,1,1581,0
90.0,1,1560,0
91.0,1,1546,0
92.0,1,1535,0
93.0,1,1521,0
94.0,1,1510,0
95.0,1,1504,0
96.0,1,1472,0
97.0,1,1461,0
98.0,1,1440,0
99.0,1,1426,0
100.0,1,1403,0
101.0,1,1383,0
102.0,1,1359,0
103.0,1,1342,0
104.0,1,1325,0
105.0,1,1305,0
106.0,1,1275,0
107.0,1,1257,0
108.0,1,1247,0
109.0,1,1228,0
110.0,1,1211,0
111.0,1,1190,0
112.0,1,1173,0
113.0,1,1150,0
114.0,1,1126,0
115.0,1,1107,0
116.0,1,1089,0
117.0,1,1067,0
118.0,1,1050,0
119.0,1,1033,0
120.0,1,1015,0
121.0,1,993,0
122.0,1,976,0
123.0,1,962,0
124.0,1,940,0
125.0,1,923,0
126.0,1,911,0
127.0,1,892,0
128.0,1,864,0
129.0,1,850,0
130.0,1,829,0
131.0,1,809,0
132.0,1,787,0
133.0,1,761,0
134.0,1,739,0
135.0,1,723,0
136.0,1,702,0
137.0,1,684,0
138.0,1,667,0
139.0,1,644,0
