"tick","run","Ant Count","Tip Count"
1.0,1,2000,0
2.0,1,2000,0
3.0,1,2000,0
4.0,1,2000,0
5.0,1,2000,0
6.0,1,2000,0
7.0,1,2000,0
8.0,1,2000,0
9.0,1,2000,0
10.0,1,2000,0
11.0,1,2000,0
12.0,1,2000,0
13.0,1,2000,0
14.0,1,2000,0
15.0,1,2000,0
16.0,1,2000,0
17.0,1,2000,0
18.0,1,2000,0
19.0,1,2000,0
20.0,1,2000,0
21.0,1,2000,0
22.0,1,2000,0
23.0,1,2000,0
24.0,1,2000,0
25.0,1,2000,0
26.0,1,2000,0
27.0,1,2000,0
28.0,1,2000,0
29.0,1,2000,0
30.0,1,2000,0
31.0,1,2000,0
32.0,1,2000,0
33.0,1,2000,0
34.0,1,1999,0
35.0,1,1997,0
36.0,1,1996,0
37.0,1,1993,0
38.0,1,1992,0
39.0,1,1988,0
40.0,1,1984,0
41.0,1,1981,0
42.0,1,1972,0
43.0,1,1965,0
44.0,1,1951,0
45.0,1,1945,0
46.0,1,1933,0
47.0,1,1919,0
48.0,1,1900,0
49.0,1,1887,0
50.0,1,1874,0
51.0,1,1864,0
52.0,1,1853,0
53.0,1,1843,0
54.0,1,1835,0
55.0,1,1825,0
56.0,1,1816,0
57.0,1,1812,0
58.0,1,1802,0
59.0,1,1796,0
60.0,1,1789,0
61.0,1,1776,0
62.0,1,1768,0
63.0,1,1757,0
64.0,1,1742,0
65.0,1,1731,0
66.0,1,1705,0
67.0,1,1689,0
68.0,1,1674,0
69.0,1,1655,0
70.0,1,1637,0
71.0,1,1618,0
72.0,1,1607,0
73.0,1,1588,0
74.0,1,1566,0
75.0,1,1553,0
76.0,1,1538,0
77.0,1,1524,0
78.0,1,1514,0
79.0,1,1503,0
80.0,1,1487,0
81.0,1,1475,0
82.0,1,1462,0
83.0,1,1445,0
84.0,1,1430,0
85.0,1,1413,0
86.0,1,1400,0
87.0,1,1383,0
88.0,1,1363,0
89.0,1,1345,0
90.0,1,1325,0
91.0,1,1298,0
92.0,1,1283,0
93.0,1,1263,0
94.0,1,1236,0
95.0,1,1215,0
96.0,1,1192,0
97.0,1,1172,0
98.0,1,1143,0
99.0,1,1122,0
100.0,1,1088,0
101.0,1,1070,0
102.0,1,1049,0
103.0,1,1027,0
104.0,1,1011,0
105.0,1,990,0
106.0,1,965,0
107.0,1,947,0
108.0,1,927,0
109.0,1,900,0
110.0,1,878,0
111.0,1,851,0
112.0,1,831,0
113.0,1,807,0
114.0,1,783,0
115.0,1,764,0
116.0,1,740,0
117.0,1,722,0
118.0,1,703,0
119.0,1,682,0
120.0,1,658,0
121.0,1,639,0
122.0,1,612,0
123.0,1,590,0
124.0,1,571,0
125.0,1,557,0
126.0,1,546,0
127.0,1,526,0
128.0,1,509,0
129.0,1,487,0
130.0,1,474,0
131.0,1,457,0
132.0,1,437,0
133.0,1,415,0
134.0,1,398,0
135.0,1,378,0
136.0,1,367,0
137.0,1,343,0
138.0,1,319,0
139.0,1,302,0
140.0,1,287,0
141.0,1,270,0
142.0,1,248,0
143.0,1,238,0
144.0,1,220,0
145.0,1,205,0
146.0,1,197,0
147.0,1,182,0
148.0,1,166,0
149.0,1,152,0
150.0,1,143,0
151.0,1,129,0
152.0,1,116,0
153.0,1,105,0
154.0,1,97,0
155.0,1,88,0
156.0,1,76,0
157.0,1,70,0
158.0,1,66,0
159.0,1,59,0
160.0,1,49,0
161.0,1,44,0
162.0,1,34,0
163.0,1,32,0
164.0,1,30,0
165.0,1,28,0
166.0,1,24,0
167.0,1,20,0
168.0,1,18,0
169.0,1,16,0
170.0,1,14,0
171.0,1,12,0
172.0,1,10,0
173.0,1,9,0
174.0,1,8,0
175.0,1,7,0
176.0,1,7,0
177.0,1,6,0
178.0,1,5,0
179.0,1,5,0
180.0,1,4,0
181.0,1,2,0
182.0,1,0,0
183.0,1,0,0
184.0,1,0,0
185.0,1,0,0
186.0,1,0,0
187.0,1,0,0
188.0,1,0,0
189.0,1,0,0
190.0,1,0,0
191.0,1,0,0
192.0,1,0,0
193.0,1,0,0
194.0,1,0,0
195.0,1,0,0
196.0,1,0,0
197.0,1,0,0
198.0,1,0,0
199.0,1,0,0
200.0,1,0,0
201.0,1,0,0
202.0,1,0,0
203.0,1,0,0
204.0,1,0,0
205.0,1,0,0
206.0,1,0,0
207.0,1,0,0
208.0,1,0,0
209.0,1,0,0
210.0,1,0,0
211.0,1,0,0
212.0,1,0,0
213.0,1,0,0
214.0,1,0,0
215.0,1,0,0
216.0,1,0,0
217.0,1,0,0
218.0,1,0,0
219.0,1,0,0
220.0,1,0,0
221.0,1,0,0
222.0,1,0,0
223.0,1,0,0
224.0,1,0,0
225.0,1,0,0
226.0,1,0,0
227.0,1,0,0
228.0,1,0,0
229.0,1,0,0
230.0,1,0,0
231.0,1,0,0
232.0,1,0,0
233.0,1,0,0
234.0,1,0,0
235.0,1,0,0
236.0,1,0,0
237.0,1,0,0
238.0,1,0,0
239.0,1,0,0
240.0,1,0,0
241.0,1,0,0
242.0,1,0,0
243.0,1,0,0
244.0,1,0,0
245.0,1,0,0
246.0,1,0,0
247.0,1,0,0
248.0,1,0,0
249.0,1,0,0
250.0,1,0,0
251.0,1,0,0
252.0,1,0,0
253.0,1,0,0
254.0,1,0,0
255.0,1,0,0
256.0,1,0,0
257.0,1,0,0
258.0,1,0,0
259.0,1,0,0
260.0,1,0,0
261.0,1,0,0
262.0,1,0,0
263.0,1,0,0
264.0,1,0,0
265.0,1,0,0
266.0,1,0,0
267.0,1,0,0
268.0,1,0,0
269.0,1,0,0
270.0,1,0,0
271.0,1,0,0
272.0,1,0,0
273.0,1,0,0
274.0,1,0,0
275.0,1,0,0
276.0,1,0,0
277.0,1,0,0
278.0,1,0,0
279.0,1,0,0
280.0,1,0,0
281.0,1,0,0
282.0,1,0,0
283.0,1,0,0
284.0,1,0,0
285.0,1,0,0
286.0,1,0,0
287.0,1,0,0
288.0,1,0,0
