"tick","run","Ant Count","Tip Count"
1.0,1,2000,0
2.0,1,2000,0
3.0,1,2000,0
4.0,1,2000,0
5.0,1,2000,0
6.0,1,2000,0
7.0,1,2000,0
8.0,1,2000,0
9.0,1,2000,0
10.0,1,2000,0
11.0,1,2000,0
12.0,1,2000,0
13.0,1,2000,0
14.0,1,2000,0
15.0,1,2000,0
16.0,1,2000,0
17.0,1,2000,0
18.0,1,2000,0
19.0,1,2000,0
20.0,1,2000,0
21.0,1,2000,0
22.0,1,2000,0
23.0,1,2000,0
24.0,1,2000,0
25.0,1,2000,0
26.0,1,2000,0
27.0,1,2000,0
28.0,1,2000,0
29.0,1,2000,0
30.0,1,2000,0
31.0,1,2000,0
32.0,1,2000,0
33.0,1,1999,0
34.0,1,1999,0
35.0,1,1999,0
36.0,1,1994,0
37.0,1,1992,0
38.0,1,1990,0
39.0,1,1978,0
40.0,1,1975,0
41.0,1,1969,0
42.0,1,1958,0
43.0,1,1947,0
44.0,1,1940,0
45.0,1,1919,0
46.0,1,1905,0
47.0,1,1892,0
48.0,1,1878,0
49.0,1,1865,0
50.0,1,1853,0
51.0,1,1848,0
52.0,1,1838,0
53.0,1,1824,0
54.0,1,1819,0
55.0,1,1804,0
56.0,1,1788,0
57.0,1,1776,0
58.0,1,1752,0
59.0,1,1738,0
60.0,1,1727,0
61.0,1,1713,0
62.0,1,1700,0
63.0,1,1685,0
64.0,1,1676,0
65.0,1,1659,0
66.0,1,1637,0
67.0,1,1624,0
68.0,1,1611,0
69.0,1,1594,0
70.0,1,1582,0
71.0,1,1573,0
72.0,1,1554,0
73.0,1,1538,0
74.0,1,1523,0
75.0,1,1506,0
76.0,1,1482,0
77.0,1,1467,0
78.0,1,1448,0
79.0,1,1436,0
80.0,1,1416,0
81.0,1,1395,0
82.0,1,1374,0
83.0,1,1353,0
84.0,1,1339,0
85.0,1,1311,0
86.0,1,1292,0
87.0,1,1269,0
88.0,1,1250,0
89.0,1,1233,0
90.0,1,1215,0
91.0,1,1192,0
92.0,1,1170,0
93.0,1,1150,0
94.0,1,1125,0
95.0,1,1098,0
96.0,1,1072,0
97.0,1,1040,0
98.0,1,1020,0
99.0,1,996,0
100.0,1,981,0
101.0,1,960,0
102.0,1,937,0
103.0,1,916,0
104.0,1,884,0
105.0,1,860,0
106.0,1,828,0
107.0,1,795,0
108.0,1,771,0
109.0,1,740,0
110.0,1,719,0
111.0,1,691,0
112.0,1,664,0
113.0,1,650,0
114.0,1,615,0
115.0,1,585,0
116.0,1,563,0
117.0,1,532,0
118.0,1,502,0
119.0,1,478,0
120.0,1,452,0
121.0,1,431,0
122.0,1,407,0
123.0,1,380,0
124.0,1,354,0
125.0,1,343,0
126.0,1,330,0
127.0,1,314,0
128.0,1,297,0
129.0,1,284,0
130.0,1,268,0
131.0,1,257,0
132.0,1,241,0
133.0,1,227,0
134.0,1,213,0
135.0,1,202,0
136.0,1,189,0
137.0,1,176,0
138.0,1,161,0
139.0,1,152,0
140.0,1,141,0
141.0,1,137,0
142.0,1,126,0
143.0,1,115,0
144.0,1,109,0
145.0,1,104,0
146.0,1,98,0
147.0,1,92,0
148.0,1,85,0
149.0,1,76,0
150.0,1,73,0
151.0,1,68,0
152.0,1,63,0
153.0,1,60,0
154.0,1,51,0
155.0,1,46,0
156.0,1,40,0
157.0,1,32,0
158.0,1,28,0
159.0,1,25,0
160.0,1,22,0
161.0,1,17,0
162.0,1,16,0
163.0,1,13,0
164.0,1,12,0
165.0,1,10,0
166.0,1,9,0
167.0,1,8,0
168.0,1,6,0
169.0,1,5,0
170.0,1,3,0
171.0,1,2,0
172.0,1,1,0
173.0,1,1,0
174.0,1,1,0
175.0,1,1,0
176.0,1,0,0
177.0,1,0,0
178.0,1,0,0
179.0,1,0,0
180.0,1,0,0
181.0,1,0,0
182.0,1,0,0
183.0,1,0,0
184.0,1,0,0
185.0,1,0,0
186.0,1,0,0
187.0,1,0,0
188.0,1,0,0
189.0,1,0,0
190.0,1,0,0
191.0,1,0,0
192.0,1,0,0
193.0,1,0,0
194.0,1,0,0
195.0,1,0,0
196.0,1,0,0
197.0,1,0,0
198.0,1,0,0
199.0,1,0,0
200.0,1,0,0
201.0,1,0,0
202.0,1,0,0
203.0,1,0,0
204.0,1,0,0
205.0,1,0,0
206.0,1,0,0
207.0,1,0,0
208.0,1,0,0
209.0,1,0,0
210.0,1,0,0
211.0,1,0,0
212.0,1,0,0
213.0,1,0,0
214.0,1,0,0
215.0,1,0,0
216.0,1,0,0
217.0,1,0,0
218.0,1,0,0
219.0,1,0,0
220.0,1,0,0
221.0,1,0,0
222.0,1,0,0
223.0,1,0,0
224.0,1,0,0
225.0,1,0,0
226.0,1,0,0
227.0,1,0,0
228.0,1,0,0
229.0,1,0,0
230.0,1,0,0
231.0,1,0,0
232.0,1,0,0
233.0,1,0,0
234.0,1,0,0
235.0,1,0,0
236.0,1,0,0
237.0,1,0,0
238.0,1,0,0
239.0,1,0,0
240.0,1,0,0
241.0,1,0,0
242.0,1,0,0
243.0,1,0,0
244.0,1,0,0
245.0,1,0,0
246.0,1,0,0
247.0,1,0,0
248.0,1,0,0
249.0,1,0,0
250.0,1,0,0
251.0,1,0,0
252.0,1,0,0
253.0,1,0,0
254.0,1,0,0
255.0,1,0,0
256.0,1,0,0
257.0,1,0,0
258.0,1,0,0
259.0,1,0,0
260.0,1,0,0
261.0,1,0,0
262.0,1,0,0
263.0,1,0,0
264.0,1,0,0
265.0,1,0,0
266.0,1,0,0
267.0,1,0,0
268.0,1,0,0
269.0,1,0,0
270.0,1,0,0
271.0,1,0,0
272.0,1,0,0
273.0,1,0,0
274.0,1,0,0
275.0,1,0,0
276.0,1,0,0
277.0,1,0,0
278.0,1,0,0
279.0,1,0,0
280.0,1,0,0
281.0,1,0,0
282.0,1,0,0
283.0,1,0,0
284.0,1,0,0
