"tick","run","Ant Count","Tip Count"
1.0,1,2000,0
2.0,1,2000,0
3.0,1,2000,0
4.0,1,2000,0
5.0,1,2000,0
6.0,1,2000,0
7.0,1,2000,0
8.0,1,2000,0
9.0,1,2000,0
10.0,1,2000,0
11.0,1,2000,0
12.0,1,2000,0
13.0,1,2000,0
14.0,1,2000,0
15.0,1,2000,0
16.0,1,2000,0
17.0,1,2000,0
18.0,1,2000,0
19.0,1,2000,0
20.0,1,2000,0
21.0,1,2000,0
22.0,1,2000,0
23.0,1,2000,0
24.0,1,2000,0
25.0,1,2000,0
26.0,1,2000,0
27.0,1,2000,0
28.0,1,2000,0
29.0,1,2000,0
30.0,1,1999,0
31.0,1,1998,0
32.0,1,1996,0
33.0,1,1996,0
34.0,1,1994,0
35.0,1,1992,0
36.0,1,1992,0
37.0,1,1991,0
38.0,1,1990,0
39.0,1,1990,0
40.0,1,1989,0
41.0,1,1989,0
42.0,1,1988,0
43.0,1,1988,0
44.0,1,1988,0
45.0,1,1986,0
46.0,1,1985,0
47.0,1,1985,0
48.0,1,1984,0
49.0,1,1983,0
50.0,1,1981,0
51.0,1,1979,0
52.0,1,1975,0
53.0,1,1975,0
54.0,1,1975,0
55.0,1,1972,0
56.0,1,1970,0
57.0,1,1969,0
58.0,1,1965,0
59.0,1,1963,0
60.0,1,1960,0
61.0,1,1960,0
62.0,1,1958,0
63.0,1,1955,0
64.0,1,1950,0
65.0,1,1949,0
66.0,1,1948,0
67.0,1,1945,0
68.0,1,1942,0
69.0,1,1935,0
70.0,1,1933,0
71.0,1,1930,0
72.0,1,1928,0
73.0,1,1924,0
74.0,1,1918,0
75.0,1,1916,0
76.0,1,1908,0
