"tick","run","Ant Count","Tip Count"
1.0,1,2000,0
2.0,1,2000,0
3.0,1,2000,0
4.0,1,2000,0
5.0,1,2000,0
6.0,1,2000,0
7.0,1,2000,0
8.0,1,2000,0
9.0,1,2000,0
10.0,1,2000,0
11.0,1,2000,0
12.0,1,2000,0
13.0,1,2000,0
14.0,1,2000,0
15.0,1,2000,0
16.0,1,2000,0
17.0,1,2000,0
18.0,1,2000,0
19.0,1,2000,0
20.0,1,2000,0
21.0,1,2000,0
22.0,1,2000,0
23.0,1,2000,0
24.0,1,2000,0
25.0,1,2000,0
26.0,1,1999,0
27.0,1,1999,0
28.0,1,1999,0
29.0,1,1999,0
30.0,1,1998,0
31.0,1,1998,0
32.0,1,1998,0
33.0,1,1997,0
34.0,1,1994,0
35.0,1,1993,0
36.0,1,1991,0
37.0,1,1985,0
38.0,1,1976,0
39.0,1,1970,0
40.0,1,1955,0
41.0,1,1942,0
42.0,1,1930,0
43.0,1,1922,0
44.0,1,1909,0
45.0,1,1892,0
46.0,1,1883,0
47.0,1,1868,0
48.0,1,1856,0
49.0,1,1850,0
50.0,1,1843,0
51.0,1,1829,0
52.0,1,1810,0
53.0,1,1799,0
54.0,1,1792,0
55.0,1,1782,0
56.0,1,1772,0
57.0,1,1759,0
58.0,1,1746,0
59.0,1,1727,0
60.0,1,1718,0
61.0,1,1709,0
62.0,1,1690,0
63.0,1,1671,0
64.0,1,1660,0
65.0,1,1650,0
66.0,1,1636,0
67.0,1,1625,0
68.0,1,1608,0
69.0,1,1590,0
70.0,1,1577,0
71.0,1,1556,0
72.0,1,1541,0
73.0,1,1525,0
74.0,1,1515,0
75.0,1,1499,0
76.0,1,1486,0
77.0,1,1472,0
78.0,1,1462,0
79.0,1,1441,0
80.0,1,1427,0
81.0,1,1417,0
82.0,1,1400,0
83.0,1,1382,0
84.0,1,1360,0
85.0,1,1334,0
86.0,1,1315,0
87.0,1,1296,0
88.0,1,1276,0
89.0,1,1256,0
90.0,1,1240,0
91.0,1,1217,0
92.0,1,1197,0
93.0,1,1180,0
94.0,1,1152,0
95.0,1,1136,0
96.0,1,1119,0
97.0,1,1107,0
98.0,1,1079,0
99.0,1,1057,0
100.0,1,1032,0
101.0,1,1015,0
102.0,1,999,0
103.0,1,972,0
104.0,1,948,0
105.0,1,924,0
106.0,1,900,0
107.0,1,878,0
108.0,1,850,0
109.0,1,823,0
110.0,1,805,0
111.0,1,780,0
112.0,1,758,0
113.0,1,733,0
114.0,1,712,0
115.0,1,687,0
116.0,1,657,0
117.0,1,627,0
118.0,1,604,0
119.0,1,584,0
120.0,1,569,0
121.0,1,532,0
122.0,1,511,0
123.0,1,491,0
124.0,1,463,0
125.0,1,441,0
126.0,1,420,0
127.0,1,406,0
128.0,1,384,0
129.0,1,363,0
130.0,1,339,0
131.0,1,316,0
132.0,1,292,0
133.0,1,274,0
134.0,1,258,0
135.0,1,242,0
136.0,1,228,0
137.0,1,209,0
138.0,1,191,0
139.0,1,178,0
140.0,1,172,0
141.0,1,157,0
142.0,1,145,0
143.0,1,137,0
144.0,1,116,0
145.0,1,105,0
146.0,1,97,0
147.0,1,86,0
148.0,1,78,0
149.0,1,71,0
150.0,1,61,0
151.0,1,54,0
152.0,1,44,0
153.0,1,40,0
154.0,1,33,0
155.0,1,27,0
156.0,1,22,0
157.0,1,19,0
158.0,1,19,0
159.0,1,15,0
160.0,1,14,0
161.0,1,9,0
162.0,1,9,0
163.0,1,7,0
164.0,1,6,0
165.0,1,4,0
166.0,1,3,0
167.0,1,2,0
168.0,1,2,0
169.0,1,2,0
170.0,1,1,0
171.0,1,0,0
172.0,1,0,0
173.0,1,0,0
174.0,1,0,0
175.0,1,0,0
176.0,1,0,0
177.0,1,0,0
178.0,1,0,0
179.0,1,0,0
180.0,1,0,0
181.0,1,0,0
182.0,1,0,0
183.0,1,0,0
184.0,1,0,0
185.0,1,0,0
186.0,1,0,0
187.0,1,0,0
188.0,1,0,0
189.0,1,0,0
190.0,1,0,0
191.0,1,0,0
192.0,1,0,0
193.0,1,0,0
194.0,1,0,0
195.0,1,0,0
196.0,1,0,0
197.0,1,0,0
198.0,1,0,0
199.0,1,0,0
200.0,1,0,0
201.0,1,0,0
202.0,1,0,0
203.0,1,0,0
204.0,1,0,0
205.0,1,0,0
206.0,1,0,0
207.0,1,0,0
208.0,1,0,0
209.0,1,0,0
210.0,1,0,0
211.0,1,0,0
